Iteration;Stock price;Amount available
0;27.7354221951;21724
1;35.9865062042;21538
2;46.4062805576;21439
3;58.2226232188;21379
4;76.8888248042;21298
5;94.2629453598;21270
6;102.4093944171;21236
7;131.4657304638;21144
8;158.7107815885;21108
9;207.6724953645;21021
10;253.9662014220;21009
11;321.3954900607;20988
12;420.0877598682;20967
13;358.5094758284;20967
14;308.2213555617;20967
15;278.9069039068;20967
16;306.7976294955;20984
17;264.2475866760;20984
18;290.7428539986;20990
19;232.2303317303;20990
20;255.7174523132;20995
21;293.1218609302;20986
22;350.3316818584;20985
23;293.5963317911;20985
24;253.2034139059;20985
25;191.1965263703;20985
26;204.0416386071;20990
27;169.2431788756;20990
28;186.1675033467;20992
29;180.9226075408;21012
30;205.6337175939;21013
31;257.3309591374;21004
32;309.0678877604;21003
33;264.8640100847;21003
34;227.6602915938;21003
35;194.6603245198;21003
36;214.1325864720;21012
37;192.0921357488;21012
38;225.7655017126;21013
39;267.4317622486;20997
40;319.9843041461;20994
41;404.6919814853;20989
42;317.0306001074;20989
43;269.0641723145;20989
44;231.3481314497;20989
45;192.4436023637;20989
46;209.5370102184;20991
47;176.2142226455;20991
48;141.1453517223;20991
49;157.4164425314;21074
50;188.3773647696;21072
51;214.1330892978;21067
52;288.1308434500;21066
53;241.3302951157;21066
54;210.8263556256;21066
55;177.3368725537;21066
56;173.1526578134;21067
57;151.3770455379;21067
58;133.0092211045;21067
59;170.3153085323;20979
60;204.3122569016;20978
61;248.8880006411;20977
62;212.6659727713;20977
63;181.9710281363;20977
64;155.6284017739;20977
65;133.8625718828;20977
66;121.7595100775;20977
67;106.8523727533;20977
68;117.0751271010;21004
69;129.7427818847;21091
70;175.4680730729;21088
71;191.3947726245;21087
72;162.0987686461;21087
73;138.5945051751;21087
74;123.0223307331;21087
75;105.1626714027;21087
76;94.7225802526;21087
77;104.1929747626;21179
78;129.8648280002;21132
79;165.1518341887;21054
80;199.6240860676;21050
81;172.6025469137;21050
82;189.5156070079;21117
83;167.5023049911;21117
84;132.6594471039;21117
85;113.4221178772;21117
86;96.9994422903;21117
87;128.3231752156;21027
88;151.7479619192;21026
89;161.7806915913;21040
90;197.6801851084;21039
91;182.4480393803;21039
92;200.7477368795;21040
93;169.2386049461;21040
94;144.3746959502;21040
95;123.4448841819;21040
96;110.7471281564;21040
97;94.6991759098;21040
98;104.3113460572;21077
99;115.9210266761;21120
100;144.9700954576;21119
101;123.5782372090;21119
102;106.1898289417;21119
103;100.9726926365;21119
104;79.8481429325;21119
105;87.9465794084;21147
106;110.9032550059;21081
107;93.9993456106;21081
108;113.8485327929;21060
109;141.2430241992;21022
110;121.7406953700;21022
111;124.9499197487;21040
112;158.4016457353;20963
113;121.7552750197;20963
114;111.9480559313;20963
115;127.8085302902;20943
116;156.5195799419;20916
117;140.8283260167;20916
118;154.7163289243;20919
119;187.0807810939;20904
120;160.6369489051;20904
121;176.7051464974;20928
122;205.4325087090;20924
123;180.7946848854;20924
124;151.4610352686;20924
125;129.4678332656;20924
126;148.2422026355;20995
127;119.4306633299;20995
128;124.4562385466;20996
129;137.5871294899;21011
130;123.3874225486;21011
131;129.6705294382;21016
132;156.7765012646;21007
133;134.0442510124;21007
134;113.4931178924;21007
135;112.5120445212;21027
136;123.7367487414;21037
137;106.1854068361;21037
138;94.5532948116;21037
139;102.0461772398;21076
140;87.2640884706;21076
141;107.0329364620;21078
142;131.6573741044;21077
143;118.8511829371;21077
144;105.0189124851;21077
145;141.7157860179;21055
146;157.6759749311;21024
147;134.1323415323;21024
148;106.4693086707;21024
149;130.0326452214;20992
150;118.2491910155;20992
151;129.7147143693;20993
152;155.8053701335;20992
153;136.7099970900;20992
154;116.3065419485;20992
155;127.8859095059;21014
156;157.0502087846;20985
157;135.4716122901;20985
158;120.0321002926;20985
159;145.1517609940;20967
160;125.4395556546;20967
161;134.2848910368;20968
162;119.9959236346;20968
163;102.9639877522;20968
164;93.6105255471;20968
165;127.7401940104;20941
166;156.2102637936;20922
167;143.2827446401;20922
168;122.5095253638;20922
169;135.0330638360;20940
170;115.5346183451;20940
171;111.0870062037;20940
172;107.4260315253;20985
173;91.8242784896;20985
174;78.6690164017;20985
175;92.6630447788;21012
176;104.1671817013;21007
177;114.5885886758;21097
178;140.1898869236;21094
179;189.8634056701;21079
180;162.7475907243;21079
181;138.7024230486;21079
182;133.9689857234;21104
183;107.7609534867;21104
184;93.9256058340;21104
185;114.2171769500;21082
186;137.1183218478;21079
187;167.2627609612;21011
188;203.0051970196;20997
189;235.3700924371;20996
190;201.2414271742;20996
191;172.0614134722;20996
192;189.4546298472;21013
193;157.4793764595;21013
194;134.9239993196;21013
195;114.8182478176;21013
196;121.3077060292;21042
197;137.3898055011;21110
198;165.0189179605;21109
199;188.7115240408;21126
200;161.7566725386;21126
201;150.0939975553;21126
202;166.2389260046;21128
203;144.8361807193;21128
204;124.0594170239;21128
205;98.0657808675;21128
206;109.4783114832;21144
207;139.2711986977;21069
208;167.8527928152;21068
209;214.6428080266;21052
210;196.1016776743;21052
211;176.7401266921;21052
212;188.8134812777;21054
213;161.4250358454;21054
214;137.4853416795;21054
215;107.8501238573;21054
216;126.2463017611;21086
217;103.6153915632;21086
218;124.4565392415;21096
219;127.2536043036;21111
220;96.4380070359;21111
221;78.5775123456;21111
222;86.4364064429;21112
223;74.1166663861;21112
224;63.3353861458;21112
225;74.2159649943;21133
226;92.8334957960;21078
227;103.9642604511;21152
228;126.0579682196;21144
229;154.7242330361;21129
230;131.6552474079;21129
231;115.2816701956;21129
232;98.5673270132;21129
233;84.2165172304;21129
234;78.3852228051;21129
235;94.9758695717;21112
236;116.0896405381;21085
237;141.8794160346;21026
238;189.8584310186;21025
239;198.7453994897;21026
240;169.6519864927;21026
241;132.6626986634;21026
242;116.0754897230;21026
243;100.0314989000;21026
244;85.6452727839;21026
245;97.2454073681;21043
246;120.7081153440;21025
247;135.1862789541;21084
248;170.1236090365;21083
249;204.0778000112;21082
250;170.6244122757;21082
251;162.4302726439;21082
252;148.8235522959;21082
253;118.6351626734;21082
254;101.4331064385;21082
255;121.3332741939;21068
256;145.8655305425;21066
257;175.0423638945;21017
258;138.1322937669;21017
259;151.5001041664;21032
260;132.5536622142;21032
261;113.3445793928;21032
262;105.5762813088;21032
263;82.4016367259;21032
264;70.0538682009;21032
265;77.5560143700;21046
266;87.5703379201;21044
267;95.4158398573;21093
268;111.9070813844;21121
269;132.8925233833;21103
270;113.5944549743;21103
271;94.6423916841;21103
272;80.3766310599;21103
273;68.5052265334;21103
274;58.6860641682;21103
275;71.7303834225;21086
276;61.3265049246;21086
277;77.5443422215;21016
278;95.6758807073;20981
279;98.7414424411;21049
280;84.4449133553;21049
281;71.8484229256;21049
282;64.0745246485;21049
283;61.4215678635;21049
284;67.4057357121;21130
285;74.1125564138;21147
286;63.2687061664;21147
287;65.4149783373;21217
288;69.2429553208;21252
289;85.3148684442;21158
290;72.9356627158;21158
291;62.1129716389;21158
292;54.4898738661;21158
293;45.0324690303;21158
294;54.6866825271;21048
295;68.2345329504;21027
296;60.7497741984;21027
297;76.9482512536;20954
298;94.4464422867;20925
299;108.4264553256;20926
300;92.6958009147;20926
301;77.5088178438;20926
302;63.8943616296;20926
303;51.1571398783;20926
304;43.7392969009;20926
305;48.5648069126;20946
306;59.2949102618;20945
307;70.7281527060;21018
308;78.1931449316;21047
309;87.5483181053;21069
310;74.1899470477;21069
311;63.4296781858;21069
312;50.4046672410;21069
313;43.2457263910;21069
314;51.7423007118;21179
315;58.7381229966;21163
316;48.8291046678;21163
317;56.9958238893;21074
318;75.6394345868;21037
319;94.7713524751;21014
320;87.7077328862;21014
321;78.7536291930;21014
322;62.5048446911;21014
323;53.4429040211;21014
324;68.4399234150;20925
325;83.3386004947;20924
326;73.4639008611;20924
327;92.2686871006;20924
328;88.3179124499;20924
329;97.3013193024;20948
330;80.9999375285;20948
331;63.4046815489;20948
332;54.3115488094;20948
333;49.8517098412;20948
334;54.8352733868;21037
335;60.6762447730;21055
336;51.8781892748;21055
337;53.1263790430;21144
338;65.2523097780;21181
339;75.4893290866;21216
340;62.2082552595;21216
341;47.1200901303;21216
342;40.2709281499;21216
343;43.4230641941;21276
344;56.6106073902;21173
345;68.1913548470;21156
346;57.5296168775;21156
347;72.7371765436;21076
348;89.9611765596;21049
349;110.8307270749;21000
350;94.7378175764;21000
351;80.9967968988;21000
352;62.9630644808;21000
353;77.8058289542;20962
354;70.3029172292;20962
355;77.7268753325;20962
356;66.3923580043;20962
357;82.2715761624;20962
358;70.3487550583;20962
359;77.9933652926;21045
360;66.1529654766;21045
361;56.4977627364;21045
362;49.6713932371;21045
363;55.1839771996;21083
364;49.5385169594;21083
365;56.1604292219;21099
366;47.8705594204;21099
367;52.7753741429;21179
368;56.4388401380;21206
369;73.6874198469;21101
370;61.8222722695;21101
371;58.2437607576;21101
372;49.4044251728;21101
373;61.0256921946;21063
374;49.6540296062;21063
375;59.9304335419;21047
376;51.2948776175;21047
377;61.8360193738;20972
378;71.3570047048;20949
379;77.7133326241;20950
380;63.8089619479;20950
381;54.1895546845;20950
382;46.3359789340;20950
383;51.3143051398;20988
384;42.9605892476;20988
385;47.7679210881;21004
386;40.7776364242;21004
387;45.3582353688;21079
388;49.3435534644;21102
389;53.4803285339;21204
390;42.0192485634;21204
391;34.2627813624;21204
392;37.5683577124;21259
393;44.2758354930;21212
394;48.9114285246;21315
395;59.1775281984;21301
396;50.5079956107;21301
397;69.6562874396;21241
398;84.5657072124;21226
399;105.7924451525;21166
400;88.4052126650;21166
401;71.8824550603;21166
402;87.9949081671;21140
403;74.8026626359;21140
404;92.8762876222;21079
405;118.2542109344;21079
406;97.2084480898;21079
407;111.8835032679;21079
408;101.7634369147;21079
409;114.7910585338;21079
410;104.8665815888;21079
411;89.6609378394;21079
412;75.4518514880;21079
413;64.5039448674;21079
414;70.3921747028;21140
415;77.2653997383;21140
416;70.7149834957;21140
417;81.3891443094;21140
418;70.8493230785;21140
419;76.6074778395;21200
420;65.4898668919;21200
421;51.8969760717;21200
422;57.0477521041;21226
423;48.7115770426;21226
424;64.8848091101;21146
425;73.6124345406;21147
426;55.1732388816;21147
427;62.1031868355;21207
428;66.7298581575;21222
429;80.9112603272;21159
430;66.4809077786;21159
431;56.7733182637;21159
432;71.3812078145;21135
433;61.0302076339;21135
434;52.0121343999;21135
435;55.8493628978;21147
436;48.2834424958;21147
437;61.0554282242;21078
438;77.9226814735;21063
439;92.0679493579;21090
440;77.7771019172;21090
441;69.2965513529;21090
442;59.7729689557;21090
443;47.3272790350;21090
444;51.9335051539;21170
445;58.2277295020;21158
446;49.3262053102;21158
447;54.4405429107;21227
448;66.3775538726;21242
449;80.1236832298;21247
450;76.7065984257;21247
451;73.1937109654;21247
452;63.0804262478;21247
453;54.0527579070;21247
454;69.1219092945;21177
455;83.2224860385;21176
456;72.1393299373;21176
457;89.6246042414;21129
458;104.2434176541;21120
459;114.5263747080;21096
460;107.6947110576;21096
461;83.2075078820;21096
462;75.5119782497;21096
463;61.8897212024;21096
464;51.0567697993;21096
465;61.8539795044;21110
466;52.4241555711;21110
467;58.0872305838;21157
468;63.8689903978;21166
469;67.6443678148;21222
470;52.3456572401;21222
471;44.9259252215;21222
472;45.3691652353;21246
473;40.5171730797;21246
474;48.7450580160;21315
475;58.6620890425;21301
476;46.6662853117;21301
477;60.5120644392;21248
478;71.4104856395;21239
479;88.5141672725;21190
480;75.7890978112;21190
481;65.1288215402;21190
482;78.8276779230;21174
483;64.2557121833;21174
484;79.7316607975;21130
485;85.6247464478;21131
486;73.6768310479;21131
487;84.1784427865;21131
488;75.4131553355;21131
489;84.1263029941;21157
490;77.3735697212;21157
491;66.1493779826;21157
492;77.1371900544;21173
493;71.4895225647;21173
494;67.4695829394;21173
495;79.2038612149;21171
496;61.3455420838;21171
497;70.0611888479;21171
498;59.8407620215;21171
499;71.4528600486;21160
500;60.1053218642;21160
501;50.5532043445;21160
502;66.0003497793;21138
503;56.4373706027;21138
504;62.3762498329;21183
505;70.2252950448;21185
506;59.9556475682;21185
507;69.0056620835;21185
508;65.0158314775;21185
509;78.7702788123;21198
510;68.2667612999;21198
511;60.9754716891;21198
512;52.1353646874;21198
513;45.3939845428;21198
514;54.0642458858;21142
515;60.2413773358;21154
516;52.2151959029;21154
517;58.2375429760;21207
518;61.2852647438;21216
519;68.9268525538;21201
520;52.9902014712;21201
521;45.2869894306;21201
522;45.1618733168;21223
523;36.2091395305;21223
524;39.6515828604;21279
525;42.1798250047;21261
526;36.6128811733;21261
527;42.4528062998;21185
528;51.4202793885;21173
529;60.1768510027;21184
530;55.7628015340;21184
531;47.6749333660;21184
532;57.9953923751;21163
533;51.1423917209;21163
534;63.2128903968;21124
535;72.2299820121;21125
536;58.2598276735;21125
537;65.3568827422;21125
538;55.1477705744;21125
539;67.0153041570;21093
540;57.3011246941;21093
541;48.9992266243;21093
542;53.9527847074;21114
543;46.0911441914;21114
544;50.5930746641;21153
545;57.5691035821;21151
546;49.9635883940;21151
547;58.9849337878;21151
548;49.5062764401;21151
549;55.2801768816;21206
550;43.6599422133;21206
551;40.5488415845;21206
552;48.7211808634;21181
553;43.9356337819;21181
554;51.4353607061;21140
555;57.6386350879;21143
556;49.1084496640;21143
557;56.5112742881;21143
558;48.2949577052;21143
559;58.9063484093;21086
560;52.6795261784;21086
561;46.8412059089;21086
562;56.4946441056;21111
563;48.3038172633;21111
564;41.6519307631;21111
565;47.0599130403;21124
566;42.3840581469;21124
567;50.5279502344;21124
568;47.4670493091;21124
569;52.3464292708;21181
570;45.6762806710;21181
571;42.2442526763;21181
572;51.8413931919;21153
573;44.3268022548;21153
574;53.0674004438;21194
575;64.0939677592;21180
576;54.7454454315;21180
577;61.5368458808;21180
578;55.2308869399;21180
579;68.5020208466;21132
580;56.0535475607;21132
581;47.8952798495;21132
582;53.0242719621;21160
583;45.3344079221;21160
584;53.1619592005;21120
585;56.9409057056;21134
586;48.7626665866;21134
587;58.9276764250;21134
588;50.4294771087;21134
589;49.7419799092;21182
590;54.5263798000;21202
591;68.7645191813;21143
592;92.4497073929;20980
593;79.0251521125;20980
594;67.4760180406;20980
595;86.1794140185;20970
596;74.7421748604;20970
597;82.2633185332;20971
598;71.0230867967;20971
599;87.5433491521;20938
600;113.6224908123;20928
601;131.5955815219;20917
602;166.3767139554;20913
603;153.3778742925;20913
604;133.2803216586;20913
605;113.9440733548;20913
606;129.6314807600;20970
607;155.6813848715;20969
608;133.1558892900;20969
609;147.3605108640;20967
610;125.9877419510;20967
611;140.8122864383;20978
612;170.5195756067;20967
613;141.1598272489;20967
614;120.7467299686;20967
615;135.7093650046;20967
616;166.7746666559;20941
617;154.7452156203;20941
618;167.0051159979;20952
619;193.5734748690;20953
620;148.1064621592;20953
621;144.2709210721;20997
622;162.3971672915;21048
623;139.3749560769;21048
624;118.9994090549;21048
625;136.9619465708;21048
626;164.9031849863;21034
627;144.9622365379;21034
628;159.3304617839;21037
629;185.7264286932;21036
630;168.3774855563;21036
631;180.2716954328;21040
632;234.3842063595;21028
633;200.3940108627;21028
634;171.7752340924;21028
635;146.8696998180;21028
636;160.0981752375;21074
637;126.9509992725;21074
638;140.3217319862;21075
639;176.6290892770;21076
640;169.0794982263;21076
641;182.3413685132;21082
642;210.6682040645;21076
643;179.5134979224;21076
644;151.6807267504;21076
645;128.7275980919;21076
646;147.2311918419;21106
647;125.9088353203;21106
648;153.4934686820;21109
649;184.1245806409;21108
650;173.0507132193;21108
651;213.1345119436;21110
652;259.4427202777;21091
653;196.5113745043;21091
654;168.0138786124;21091
655;139.7043644263;21091
656;146.8014794590;21098
657;133.1696196504;21098
658;154.1751752165;21099
659;174.9988256922;21100
660;142.3539047593;21100
661;159.2466784388;21101
662;190.4664539612;21100
663;163.4441393044;21100
664;156.2646653999;21100
665;129.3816697499;21100
666;140.6856468708;21110
667;158.1870041154;21111
668;193.7109729589;21096
669;228.9835825746;21095
670;195.9957797672;21095
671;211.9431014724;21096
672;194.3594008889;21096
673;167.2698251779;21096
674;141.7903341934;21096
675;175.3168810832;21097
676;217.3268822413;21053
677;174.9293591845;21053
678;177.4896119559;21063
679;210.5835153113;21065
680;190.4790404548;21065
681;209.8915772131;21066
682;191.6405091636;21066
683;163.7235591278;21066
684;136.8700489330;21066
685;167.0607122333;21065
686;203.7343021623;21044
687;174.8386563277;21044
688;193.2966310058;21045
689;206.2679320206;21043
690;192.2808357912;21043
691;164.9384799061;21043
692;184.7510199025;21061
693;157.9798418195;21061
694;145.6503434380;21061
695;172.1499714091;21062
696;212.4812118466;21052
697;181.9194515511;21052
698;200.7815978075;21053
699;220.8600120990;21055
700;189.1640174270;21055
701;163.7172041273;21055
702;168.8953859274;21063
703;142.4962319826;21063
704;116.1892271032;21063
705;141.0915815446;21061
706;168.8954635264;21059
707;161.9065129021;21059
708;178.3793252943;21060
709;200.0297284798;21058
710;170.9701354541;21058
711;146.3661924196;21058
712;162.4688042478;21075
713;131.1179511601;21075
714;112.1570481103;21075
715;124.3542266989;21077
716;150.0708720992;21076
717;171.1501806163;21075
718;193.3972353064;21074
719;209.1847525039;21076
720;178.8221138694;21076
721;168.1328050122;21076
722;183.9545455822;21092
723;171.6257873448;21092
724;137.7552607169;21092
725;164.3011181779;21091
726;206.2724662331;21090
727;171.6158419836;21090
728;180.9792584920;21092
729;242.5297814741;21090
730;233.1994162865;21090
731;199.6133093770;21090
732;219.5555673428;21158
733;182.9771370544;21158
734;148.8203229458;21158
735;181.0425417440;21159
736;219.3351304909;21158
737;187.6583212020;21158
738;226.9502836235;21159
739;194.0806640152;21159
740;213.0282755551;21163
741;268.2499314633;21116
742;323.7594629774;21107
743;276.2151261193;21107
744;257.9791917187;21107
745;309.4010311465;21106
746;264.5321529464;21106
747;219.2010076981;21106
748;203.7073933435;21106
749;203.8580412758;21108
750;247.5417116849;21105
751;264.7634173448;21101
752;312.6274054654;21044
753;268.8196019125;21044
754;229.8132172389;21044
755;275.4282094783;21045
756;223.6421083485;21045
757;183.1329175095;21045
758;147.0940365298;21045
759;176.9281754242;21042
760;213.2203877021;21041
761;258.5935165882;21037
762;311.3928916503;21036
763;274.0612175963;21036
764;229.0479536536;21036
765;278.1378221048;21035
766;258.7449670472;21035
767;221.2241287821;21035
768;190.6187508092;21035
769;170.9373129589;21035
770;188.6707329612;21042
771;227.2995672629;21037
772;275.1789833470;21027
773;235.2736782557;21027
774;198.9346310207;21027
775;216.3560620544;21028
776;177.1083334552;21028
777;151.2411401950;21028
778;129.4292747778;21028
779;142.2313189947;21032
780;171.2103177514;21028
781;205.7299706506;21027
782;247.4621432860;21024
783;235.7396858356;21024
784;199.1451278350;21024
785;211.1263731504;21023
786;182.9161084452;21023
787;148.4778703361;21023
788;131.1760002895;21023
789;160.5427936773;21019
790;197.0643261073;21016
791;240.4456324873;21015
792;289.2221555625;21012
793;239.1032896648;21012
794;204.1236398549;21012
795;224.0814150647;21013
796;203.2991175305;21013
797;177.7695516559;21013
798;151.1594491827;21013
799;183.9025390220;21016
800;219.2922917276;21015
801;187.8276427616;21015
802;229.4010875736;21070
803;187.0764270695;21070
804;158.6462568102;21070
805;188.9739445642;21069
806;145.8773877009;21069
807;179.8857727091;21070
808;240.5885735115;21062
809;289.1565694573;21060
810;247.2636308213;21060
811;274.1198890431;21078
812;365.0085423224;21069
813;313.1041371791;21069
814;271.9503667430;21069
815;231.7797109032;21069
816;256.7631407134;21088
817;201.9309916708;21088
818;222.1277217994;21090
819;256.8863789703;21092
820;219.9489841667;21092
821;238.9811515988;21125
822;294.7874882303;21090
823;238.5525112504;21090
824;184.0606107078;21090
825;222.7398698577;21091
826;264.0441985728;21081
827;224.6272739025;21081
828;230.5458103032;21086
829;276.5089436562;21084
830;241.0355587931;21084
831;265.3643593168;21088
832;318.8942050860;21086
833;261.6205634929;21086
834;227.4363633624;21086
835;270.1560930909;21085
836;351.3568801389;21080
837;300.6657947525;21080
838;330.2431949184;21081
839;287.3090837990;21081
840;314.4381011291;21082
841;371.3281610866;21069
842;450.3427654494;21068
843;405.1114415175;21068
844;313.3501435404;21068
845;250.2387172861;21068
846;275.3357648463;21119
847;252.9829357666;21119
848;224.9267113753;21119
849;246.6863983410;21121
850;296.2518399858;21120
851;361.0442462267;21100
852;310.8635273138;21100
853;264.4567773512;21100
854;236.6861610328;21100
855;260.9308946129;21101
856;340.8927648072;21078
857;319.3656176985;21078
858;273.7248433378;21078
859;328.7294830761;21077
860;279.9164422984;21077
861;288.5101549220;21086
862;342.7231330669;21085
863;298.3010648180;21085
864;253.6179947914;21085
865;331.3695185372;21084
866;386.7123676672;21074
867;321.4387811193;21074
868;298.7653859276;21074
869;328.6714341153;21075
870;259.4576609430;21075
871;285.1937781640;21097
872;222.4957119751;21097
873;179.9036299884;21097
874;153.7727898257;21097
875;168.8768495286;21098
876;203.9900758024;21089
877;156.8235627694;21089
878;134.0915707598;21089
879;158.6949066690;21086
880;144.7231500159;21086
881;174.2080915981;21089
882;149.0248898621;21089
883;126.6134829754;21089
884;112.8523214464;21089
885;135.4579245065;21088
886;163.1118176300;21082
887;129.9233522598;21082
888;108.3625467601;21082
889;119.6993936206;21085
890;143.7728782582;21084
891;172.3362043517;21070
892;144.3161161026;21070
893;119.4320893441;21070
894;107.5960829874;21070
895;118.3394579100;21071
896;142.6806302168;21065
897;161.0516534821;21064
898;191.1634455090;21045
899;206.1036190347;21043
900;159.1123582241;21043
901;174.4854482222;21055
902;148.9545514193;21055
903;139.9101963072;21055
904;118.7660004939;21055
905;142.6319717486;21054
906;154.4747724411;21046
907;158.6145012254;21047
908;190.2781911847;21046
909;209.4021755119;21048
910;180.9609380897;21048
911;199.0504588907;21052
912;174.5405163477;21052
913;148.2673415623;21052
914;140.3213162162;21052
915;156.3660601148;21053
916;186.3342189993;21052
917;159.3024617016;21052
918;166.2880161715;21061
919;199.6282471394;21059
920;178.9938046892;21059
921;186.2842661360;21062
922;159.2725420825;21062
923;136.6667960315;21062
924;119.8960774268;21062
925;136.4095173620;21061
926;162.1751974155;21060
927;150.7611334777;21060
928;165.0460634025;21066
929;168.9156422831;21068
930;140.2428707596;21068
931;137.4718700630;21069
932;158.5649522148;21075
933;135.3111217723;21075
934;116.2223032013;21075
935;124.2169594686;21076
936;106.0954384055;21076
937;128.8655206064;21075
938;157.1346369369;21074
939;195.0483919593;21072
940;177.5220338511;21072
941;140.6144617702;21072
942;143.1659184347;21083
943;128.7190323339;21083
944;100.6496609377;21083
945;123.5059085375;21082
946;105.6048489115;21082
947;116.1415784143;21083
948;145.4722090913;21072
949;162.4570192155;21074
950;139.6385917497;21074
951;119.6398785837;21074
952;131.7731389960;21079
953;110.6933703693;21079
954;94.6403600045;21079
955;111.7999107564;21080
956;95.0203543612;21080
957;114.1520336830;21079
958;137.5256875621;21076
959;165.9922922271;21073
960;141.7922957295;21073
961;121.2322348284;21073
962;135.1410824183;21137
963;115.1342392552;21137
964;102.4019021373;21137
965;123.8540402019;21136
966;98.9147302136;21136
967;108.8062039372;21137
968;130.6496808561;21136
969;143.7015459545;21139
970;114.9909255461;21139
971;98.3172761036;21139
972;113.7947324547;21141
973;97.0959354559;21141
974;81.7140995447;21141
975;89.8833389684;21152
976;78.3375937608;21152
977;94.1541583003;21150
978;113.1628788859;21148
979;137.4111615437;21145
980;119.5370314559;21145
981;100.2289033220;21145
982;109.3103776832;21150
983;98.7497737648;21150
984;75.1186248956;21150
985;90.6997547253;21138
986;83.2748279413;21138
987;92.8629902017;21140
988;118.2392678751;21136
989;121.9482290952;21139
990;101.7310756289;21139
991;90.5227529557;21139
992;102.3516160870;21140
993;82.5088955899;21140
994;70.5452231065;21140
995;83.0011424185;21152
996;69.9922026089;21152
997;84.1220216796;21150
998;101.0305434777;21149
999;111.2671287531;21147
1000;91.9074793041;21147
1001;79.4620163860;21147
1002;90.6481881364;21167
1003;81.6494117128;21167
1004;74.9101344344;21167
1005;90.7828141590;21155
1006;74.1546071657;21155
1007;81.5732559074;21157
1008;68.7409262339;21157
1009;76.3602056517;21194
1010;65.3417012158;21194
1011;55.8507095035;21194
1012;68.9666032922;21167
1013;59.0628045529;21167
1014;50.4918073129;21167
1015;59.8933316305;21184
1016;52.9534594491;21184
1017;69.7531852334;21181
1018;65.4253338935;21181
1019;80.5769254844;21142
1020;66.4103213711;21142
1021;56.8833000886;21142
1022;60.7278387278;21169
1023;50.5481590207;21169
1024;43.3781276484;21169
1025;52.8190013376;21150
1026;48.9393320334;21150
1027;53.3719676443;21153
1028;45.6329321246;21153
1029;46.8143192940;21192
1030;40.2260402894;21192
1031;36.0284814732;21192
1032;44.5351463857;21149
1033;35.8832566508;21149
1034;36.7856419748;21188
1035;40.5851853422;21206
1036;44.6320429531;21205
1037;53.6960869406;21202
1038;48.8135822992;21202
1039;55.2114472811;21166
1040;43.0022416253;21166
1041;37.4980970647;21166
1042;40.6016715335;21209
1043;34.0845410491;21209
1044;42.1494381473;21168
1045;52.2825699169;21153
1046;45.8198673317;21153
1047;48.1914103297;21156
1048;36.7245869796;21156
1049;40.4475485803;21189
1050;36.9095866051;21189
1051;31.2857776213;21189
1052;41.2014001787;21137
1053;34.7557525085;21137
1054;40.6429000615;21178
1055;45.5851374985;21193
1056;40.5249023381;21193
1057;43.8568340426;21265
1058;48.4873464774;21276
1059;59.3881029425;21254
1060;50.9637134081;21254
1061;43.5880419884;21254
1062;34.7761912182;21254
1063;38.4763993337;21300
1064;46.5286428717;21263
1065;51.5446496673;21250
1066;39.9632531937;21250
1067;50.6293563970;21177
1068;58.9722154193;21167
1069;71.6827203776;21165
1070;61.2870853921;21165
1071;52.3987934101;21165
1072;45.0645929936;21165
1073;56.6243527298;21129
1074;45.8325621980;21129
1075;50.7647634246;21142
1076;46.4544417403;21142
1077;55.8643066774;21139
1078;49.8025602712;21139
1079;59.3181180292;21160
1080;50.3883267040;21160
1081;43.4880172529;21160
1082;35.2776556785;21160
1083;37.1255113937;21197
1084;39.8683845568;21234
1085;47.7318531890;21219
1086;44.9865187036;21219
1087;50.2186712537;21299
1088;59.5862987978;21309
1089;72.3310297824;21293
1090;62.4759077561;21293
1091;60.0172464325;21293
1092;47.5225262093;21293
1093;56.3275318575;21266
1094;68.5212369208;21241
1095;77.5901761490;21240
1096;64.4135441673;21240
1097;82.3529460067;21184
1098;91.7395200266;21178
1099;109.6632731498;21174
1100;96.0651756536;21174
1101;91.8498050915;21174
1102;74.7942988358;21174
1103;60.2797961790;21174
1104;71.5528964876;21199
1105;78.6367173789;21200
1106;74.9761868899;21200
1107;60.1862512637;21200
1108;66.2048764562;21207
1109;72.8244931237;21232
1110;60.4872303399;21232
1111;51.5983418777;21232
1112;43.4692990215;21232
1113;47.6879633197;21259
1114;58.4540399890;21229
1115;63.5848778486;21228
1116;48.5034546843;21228
1117;59.3552476122;21284
1118;68.1353061492;21276
1119;83.2179921604;21252
1120;70.9049353021;21252
1121;59.4387034314;21252
1122;50.7253611845;21252
1123;60.3663574389;21229
1124;78.0710479202;21228
1125;67.2155713805;21228
1126;73.8582378780;21286
1127;87.8317985281;21249
1128;75.6732183372;21249
1129;83.2448162904;21264
1130;69.5027489560;21264
1131;59.4617846394;21264
1132;50.8127688518;21264
1133;55.7982886167;21287
1134;53.9213775724;21288
1135;59.5833643945;21290
1136;76.1777938882;21248
1137;86.3159950031;21285
1138;67.6527521862;21285
1139;76.9036746408;21277
1140;65.8638714015;21277
1141;52.3746186701;21277
1142;44.6373421008;21277
1143;58.1704555949;21250
1144;69.8015717022;21249
1145;83.3206467778;21248
1146;106.3440052903;21242
1147;130.3268489384;21216
1148;106.1263083728;21216
1149;134.9638350915;21210
1150;115.3940786928;21210
1151;99.2303392154;21210
1152;83.3976229232;21210
1153;71.3049703931;21210
1154;60.9865558703;21210
1155;60.3907725891;21211
1156;68.6459534194;21277
1157;75.2215894621;21303
1158;62.6064196290;21303
1159;68.1035248608;21326
1160;62.0231752631;21326
1161;51.8986132247;21326
1162;42.1045691858;21326
1163;41.8568685357;21353
1164;46.0445893191;21385
1165;51.7170850215;21398
1166;64.1318422264;21354
1167;78.6071458963;21326
1168;66.4609781471;21326
1169;88.2413733205;21305
1170;75.3629105742;21305
1171;57.5048258815;21305
1172;49.2069565000;21305
1173;60.0878436489;21282
1174;77.6927676837;21260
1175;96.3459260809;21251
1176;115.4845201364;21236
1177;92.8817777313;21236
1178;102.1003636095;21244
1179;87.9710557963;21244
1180;89.4117850041;21251
1181;110.5740263241;21210
1182;141.9624244722;21123
1183;121.2742087246;21123
1184;102.8735179965;21123
1185;87.9561055832;21123
1186;102.7624929318;21189
1187;87.8619314977;21189
1188;95.6686014131;21190
1189;79.0988349691;21190
1190;88.0503791867;21192
1191;118.4234973023;21166
1192;143.0988403564;21162
1193;127.8903123029;21162
1194;103.3122583281;21162
1195;88.3295953388;21162
1196;99.8225607643;21172
1197;90.1472021533;21172
1198;99.1904380291;21183
1199;86.7809032506;21183
1200;105.8061936629;21184
1201;117.0782398614;21161
1202;145.8929613785;21156
1203;131.6650983768;21156
1204;112.9274759371;21156
1205;96.5597494386;21156
1206;107.3002461581;21159
1207;102.6997612805;21159
1208;112.9909955299;21165
1209;101.1434723050;21165
1210;104.4822559309;21166
1211;130.2550364733;21149
1212;171.8921063669;21148
1213;150.6644821789;21148
1214;120.9970591710;21148
1215;103.4524319290;21148
1216;113.2979412284;21155
1217;85.3749662525;21155
1218;95.4018802353;21156
1219;79.9726986272;21156
1220;84.7862263514;21157
1221;115.4333650539;21134
1222;154.5399953807;21131
1223;137.4646602049;21131
1224;117.1551858932;21131
1225;92.1156407571;21131
1226;101.7789599886;21133
1227;86.5430635319;21133
1228;95.0134705916;21134
1229;82.9157314769;21134
1230;98.5032816782;21135
1231;119.8512625504;21132
1232;141.4984663832;21129
1233;121.5386624628;21129
1234;103.9155073040;21129
1235;88.7074840121;21129
1236;108.3804362745;21130
1237;92.6652795391;21130
1238;100.3899513894;21131
1239;84.0779729225;21131
1240;73.5221505690;21131
1241;82.6125894627;21209
1242;95.3470920267;21208
1243;90.2151905287;21208
1244;76.3607942181;21208
1245;89.3953586572;21217
1246;122.1698249560;21157
1247;102.7006690861;21157
1248;86.0772611776;21157
1249;70.5641126870;21157
1250;61.4838058687;21157
1251;67.5866518010;21175
1252;57.8473139032;21175
1253;48.9577781570;21175
1254;52.9713177314;21197
1255;63.3694036975;21186
1256;83.5481494940;21138
1257;71.4514118986;21138
1258;61.5357642051;21138
1259;67.6892852311;21159
1260;81.2688481842;21158
1261;97.0725376035;21141
1262;82.4243626974;21141
1263;77.1302203710;21141
1264;94.4903170232;21127
1265;112.8440486790;21126
1266;138.9432121583;21123
1267;122.9876270961;21123
1268;106.8515696551;21123
1269;129.9012372128;21111
1270;145.7587762929;21110
1271;171.5457694935;21087
1272;156.8530583706;21087
1273;149.8695240976;21087
1274;128.1684301967;21087
1275;109.5979045571;21087
1276;121.8002133943;21139
1277;101.9774161758;21139
1278;87.5447345043;21139
1279;96.2923033365;21151
1280;105.7297006152;21147
1281;128.7998957980;21140
1282;107.8911965916;21140
1283;92.2111971310;21140
1284;74.4552114426;21140
1285;80.5495479036;21141
1286;99.1919648965;21106
1287;85.0134809478;21106
1288;74.3775517949;21106
1289;90.1075732022;21092
1290;100.2602913344;21087
1291;116.5100053131;21081
1292;99.8812327245;21081
1293;85.5576459966;21081
1294;73.5917201312;21081
1295;88.3465428445;21080
1296;108.0643900560;21060
1297;95.8745285054;21060
1298;83.0293128084;21060
1299;92.8034488688;21071
1300;108.9792166276;21070
1301;129.2389030174;21065
1302;110.4991843814;21065
1303;98.6409610613;21065
1304;84.4294289026;21065
1305;92.9441136822;21066
1306;113.8981783723;21062
1307;91.7587695294;21062
1308;82.7181211821;21062
1309;100.2369753581;21051
1310;85.7398518572;21051
1311;94.1117482378;21080
1312;80.4655459197;21080
1313;71.2362022698;21080
1314;80.9833427281;21094
1315;94.7318185948;21093
1316;113.9382017641;21090
1317;98.4176239833;21090
1318;76.3005863379;21090
1319;83.9695847928;21101
1320;72.0873787820;21101
1321;81.1403927051;21147
1322;73.1566355811;21147
1323;60.8390324566;21147
1324;67.7984090081;21130
1325;74.3893878471;21131
1326;84.6155580499;21126
1327;71.7116981227;21126
1328;61.1142532579;21126
1329;73.2053671557;21114
1330;58.1003357866;21114
1331;61.8568037879;21123
1332;68.2170672570;21122
1333;59.7559111256;21122
1334;63.4127208300;21139
1335;62.1903341279;21151
1336;68.6216302345;21199
1337;72.1590740927;21227
1338;87.9016011545;21216
1339;101.6133546283;21214
1340;85.9480582744;21214
1341;100.2356882756;21218
1342;85.8472978744;21218
1343;72.8364482184;21218
1344;79.2548189424;21205
1345;95.7410807841;21195
1346;113.7946870005;21178
1347;151.0653365133;21161
1348;181.8672659845;21158
1349;153.8437753230;21158
1350;157.3670933733;21168
1351;194.9127662719;21151
1352;176.2032566632;21151
1353;146.4070492852;21151
1354;125.3600911857;21151
1355;108.0862203488;21151
1356;118.9114704218;21176
1357;127.4449287095;21193
1358;167.7033794377;21190
1359;140.0919427800;21190
1360;149.9060365083;21191
1361;195.4284872909;21177
1362;177.2589477453;21177
1363;149.6310236824;21177
1364;122.9464522568;21177
1365;108.0281620748;21177
1366;121.3404684254;21233
1367;158.9954577590;21217
1368;191.5424580612;21212
1369;163.7691916610;21212
1370;160.3649294495;21213
1371;171.2287678845;21227
1372;146.3651635216;21227
1373;123.3293148921;21227
1374;101.1585818441;21227
1375;85.4348948171;21227
1376;102.3937781158;21234
1377;117.4063235840;21249
1378;145.8908427661;21248
1379;113.3252956732;21248
1380;87.3108203344;21248
1381;86.8805874226;21256
1382;99.1458012510;21346
1383;76.2642869762;21346
1384;85.4828620468;21359
1385;94.2506003849;21369
1386;119.8649879554;21291
1387;137.9392865981;21279
1388;165.6561964657;21278
1389;141.3680778929;21278
1390;120.9483899076;21278
1391;133.6330534242;21283
1392;148.7962072395;21261
1393;135.6446354792;21261
1394;163.6641233086;21254
1395;218.9473210999;21249
1396;281.8614195258;21239
1397;241.0573215713;21239
1398;247.5457437636;21254
1399;225.7763411365;21254
1400;178.9734211114;21254
1401;197.6352800659;21257
1402;240.0981782424;21241
1403;205.1739733739;21241
1404;181.0283906546;21241
1405;209.7479397264;21246
1406;259.4718599966;21243
1407;247.3166849642;21243
1408;272.0508545247;21244
1409;223.6095741777;21244
1410;185.3479283535;21244
1411;200.5259430391;21246
1412;241.6031640308;21241
1413;206.7209837914;21241
1414;196.6410988624;21241
1415;236.6917848162;21236
1416;305.7321532274;21234
1417;265.7760247564;21234
1418;272.2518271912;21240
1419;232.7724308984;21240
1420;193.1367386804;21240
1421;199.7018656848;21241
1422;243.0835465438;21240
1423;230.9850572749;21240
1424;196.1742529610;21240
1425;224.8482995058;21245
1426;271.4925201754;21244
1427;237.3431170176;21244
1428;280.1827026328;21245
1429;219.6793671330;21245
1430;191.6692090257;21245
1431;208.1167984340;21248
1432;249.3612264839;21247
1433;191.6011671215;21247
1434;163.8189576143;21247
1435;195.9626220565;21241
1436;149.6687776529;21241
1437;182.3929616456;21240
1438;231.4659066776;21239
1439;201.6077619434;21239
1440;176.0226264770;21239
1441;199.6861470329;21240
1442;238.1510317297;21239
1443;197.4539566902;21239
1444;165.1888468010;21239
1445;181.9239202699;21245
1446;164.6947663358;21245
1447;181.1682018692;21246
1448;194.8425804178;21245
1449;184.2184930858;21245
1450;160.5467043630;21245
1451;179.9262284771;21246
1452;152.5360628003;21246
1453;138.4683826594;21246
1454;143.4411168341;21253
1455;173.0715417546;21246
1456;147.6220684467;21246
1457;156.7300455255;21245
1458;176.2001353181;21236
1459;154.8461790678;21236
1460;132.3248980913;21236
1461;115.0175902493;21236
1462;113.9498063119;21248
1463;104.0960199542;21248
1464;125.2955599791;21238
1465;137.8119233694;21245
1466;164.3531002062;21244
1467;166.0212683789;21245
1468;203.7037494656;21233
1469;172.9409760880;21233
1470;135.5075507089;21233
1471;115.9760518197;21233
1472;125.3212435708;21258
1473;96.1207067074;21258
1474;93.1728287272;21268
1475;110.4374650918;21259
1476;130.7991562827;21258
1477;144.2024404128;21270
1478;178.3021385116;21263
1479;152.4483310484;21263
1480;125.6387469087;21263
1481;118.9326003226;21263
1482;121.6319255419;21264
1483;116.7934896697;21264
1484;141.5884499017;21256
1485;119.7205982167;21256
1486;130.0805995794;21287
1487;157.2722775678;21275
1488;189.0104202022;21273
1489;161.5102826399;21273
1490;137.8937456201;21273
1491;121.2561729844;21273
1492;139.9086038300;21290
1493;120.0556315822;21290
1494;134.0563916821;21298
1495;114.7153233677;21298
1496;126.0539977626;21346
1497;130.4310148584;21357
1498;156.5110734206;21356
1499;136.2961838747;21356
1500;116.5314316973;21356
1501;99.6887616043;21356
1502;117.0925255630;21359
1503;100.1140079659;21359
1504;121.0703246286;21349
1505;113.4625829237;21349
1506;126.9098835288;21364
1507;152.5286673510;21354
1508;191.4517128697;21352
1509;148.0034535982;21352
1510;128.5901248599;21352
1511;109.8000554155;21352
1512;120.0214741145;21353
1513;102.6176637872;21353
1514;100.7694171062;21363
1515;116.1914548651;21372
1516;151.0980494310;21343
1517;193.4909635125;21341
1518;203.9775541768;21340
1519;174.2770194126;21340
1520;148.7926837014;21340
1521;127.4896693839;21340
1522;141.1367780822;21341
1523;124.7576137971;21341
1524;150.9683738011;21333
1525;181.8381218509;21327
1526;198.2177627939;21298
1527;190.2902981402;21298
1528;220.2632596808;21307
1529;188.3251847358;21307
1530;161.0874328135;21307
1531;137.2915933399;21307
1532;151.0207569985;21308
1533;127.1461652150;21308
1534;138.0583471961;21316
1535;151.8641908480;21322
1536;194.6980886256;21318
1537;178.5746412262;21318
1538;203.2325912111;21321
1539;186.6790775518;21321
1540;159.3903276057;21321
1541;136.2904066876;21321
1542;116.9869837766;21321
1543;99.9264251362;21321
1544;116.4236627990;21311
1545;138.9118292915;21304
1546;161.7260032401;21295
1547;183.8716439825;21297
1548;221.8977880496;21290
1549;208.4333336494;21290
1550;178.6264794700;21290
1551;138.6982388418;21290
1552;128.3300143295;21290
1553;115.5002345958;21290
1554;99.1845093291;21290
1555;109.1028504250;21297
1556;120.4556275092;21295
1557;128.3543982462;21304
1558;157.5284785403;21300
1559;128.9784357373;21300
1560;112.0795864813;21300
1561;96.1185447707;21300
1562;82.2369248316;21300
1563;73.5569126213;21300
1564;81.6750547732;21309
1565;101.0810626358;21300
1566;121.3950124640;21298
1567;144.4294546791;21289
1568;172.6286301508;21288
1569;134.5856173426;21288
1570;119.4199611806;21288
1571;102.2368753245;21288
1572;87.9806411543;21288
1573;75.2610855749;21288
1574;86.2473724172;21280
1575;88.3673787320;21289
1576;75.5359424268;21289
1577;84.1541296519;21296
1578;101.5380437967;21295
1579;78.5200426987;21295
1580;74.8567182167;21295
1581;64.6925971649;21295
1582;55.5891806283;21295
1583;46.9558893837;21295
1584;52.5932670123;21302
1585;61.4592095699;21288
1586;73.8087725968;21287
1587;87.2312475035;21280
1588;104.7835980977;21279
1589;91.0495348162;21279
1590;78.6569031546;21279
1591;71.3962870917;21279
1592;61.9010337465;21279
1593;52.4533226949;21279
1594;62.6804253118;21273
1595;75.5419357157;21287
1596;64.5839815290;21287
1597;81.6623131350;21293
1598;89.6334516635;21292
1599;98.6119129288;21294
1600;118.9806446846;21287
1601;142.7967715551;21267
1602;183.2506283918;21221
1603;156.6764776946;21221
1604;131.5550726777;21221
1605;175.5061449116;21214
1606;151.2250401970;21214
1607;172.7408932711;21209
1608;147.6799787635;21209
1609;179.2241996736;21208
1610;217.1047814275;21205
1611;264.1747630609;21187
1612;319.7230089358;21186
1613;275.9232962527;21186
1614;237.4361080136;21186
1615;203.2997346802;21186
1616;248.2266806482;21230
1617;212.6266702188;21230
1618;225.2921971939;21249
1619;188.3666428496;21249
1620;207.2155558073;21255
1621;249.9495534688;21252
1622;299.6055777997;21251
1623;257.3249147570;21251
1624;209.3340102993;21251
1625;178.2869013692;21251
1626;186.4412600284;21286
1627;156.8815149914;21286
1628;171.5196128581;21292
1629;148.8395261499;21292
1630;162.3126340314;21293
1631;207.9392816365;21289
1632;183.5947731047;21289
1633;151.1219998465;21289
1634;127.5959240992;21289
1635;124.6795127399;21296
1636;143.3179821302;21299
1637;176.3622620962;21306
1638;213.1353628735;21300
1639;180.6973845739;21300
1640;184.9531380966;21301
1641;206.0314601219;21300
1642;176.1804786018;21300
1643;152.4331290862;21300
1644;142.6447292196;21300
1645;171.8496548555;21294
1646;216.2323217776;21244
1647;260.7759150278;21240
1648;313.4402039417;21228
1649;268.0519772813;21228
1650;294.7500305329;21229
1651;254.0639345654;21229
1652;271.6179648246;21249
1653;232.7525440024;21249
1654;181.5645716161;21249
1655;139.7869287954;21249
1656;153.7715774927;21274
1657;174.4681210696;21277
1658;209.5466815965;21276
1659;179.2449850749;21276
1660;197.1656874603;21277
1661;241.4833908358;21276
1662;289.9393610585;21274
1663;248.3366276960;21274
1664;212.3041565072;21274
1665;172.9818929830;21274
1666;207.6466157568;21298
1667;274.5277180310;21296
1668;309.0341543982;21295
1669;267.5080656246;21295
1670;244.6406528654;21295
1671;262.1695071184;21311
1672;327.4524081301;21303
1673;307.9802375091;21303
1674;263.3232655606;21303
1675;214.5859198280;21303
1676;234.6996621957;21305
1677;257.7552679923;21306
1678;308.0064727030;21305
1679;284.2925055020;21305
1680;242.9308421813;21305
1681;253.1994229867;21319
1682;308.4450055186;21311
1683;272.9808467302;21311
1684;230.1487214858;21311
1685;196.2569611973;21311
1686;209.5273342615;21312
1687;240.1313933882;21312
1688;203.5688617461;21312
1689;164.0414145833;21312
1690;129.7409928330;21312
1691;135.5825774285;21318
1692;164.8485449873;21315
1693;140.9094800290;21315
1694;168.8599023692;21314
1695;185.3259724594;21320
1696;226.7359408767;21296
1697;283.7649047618;21297
1698;241.8061116865;21297
1699;209.7379570787;21297
1700;171.5606513172;21297
1701;188.7108924280;21302
1702;215.8574368375;21301
1703;183.1547434037;21301
1704;167.1136202147;21301
1705;217.1615849433;21295
1706;264.2030192620;21291
1707;319.9847131325;21289
1708;283.6064464504;21289
1709;250.0899392177;21289
1710;214.1598205342;21289
1711;263.2474671409;21293
1712;226.1180987641;21293
1713;198.0781413364;21293
1714;169.3858368172;21293
1715;186.3245953220;21299
1716;209.2197350422;21296
1717;217.4673961133;21299
1718;183.8954509754;21299
1719;156.5100045819;21299
1720;135.6366291722;21299
1721;138.7763223584;21300
1722;109.2223516606;21300
1723;93.1216095401;21300
1724;102.1930931778;21302
1725;129.3590313764;21292
1726;144.3363281603;21264
1727;176.8574674634;21259
1728;150.4803458204;21259
1729;165.3531581082;21260
1730;200.4487896443;21247
1731;245.5332102642;21240
1732;209.5852003437;21240
1733;180.9530076778;21240
1734;212.0471453809;21239
1735;171.3694520960;21239
1736;193.4585405294;21251
1737;159.7844283244;21251
1738;172.5465876717;21252
1739;208.1981227746;21251
1740;230.3387594745;21250
1741;278.3233814043;21224
1742;231.8473031290;21224
1743;197.9156065078;21224
1744;220.3140109269;21225
1745;188.2416597240;21225
1746;207.1065247668;21230
1747;163.1504306718;21230
1748;157.4824666382;21247
1749;173.4649174940;21248
1750;148.5709020483;21248
1751;163.4535572939;21264
1752;139.8055672401;21264
1753;119.8364044414;21264
1754;143.9886057242;21263
1755;123.1309770914;21263
1756;151.9656085627;21294
1757;158.4113504649;21299
1758;195.0085502840;21298
1759;186.8733968836;21298
1760;202.6592798705;21299
1761;238.0650765185;21288
1762;203.5114842983;21288
1763;155.2912676417;21288
1764;132.8829863578;21288
1765;112.6982811696;21288
1766;124.6827985434;21290
1767;145.9171253824;21287
1768;193.2644012952;21278
1769;169.0844113332;21278
1770;183.3853260264;21282
1771;233.8346393207;21277
1772;200.6450933432;21277
1773;171.7807760769;21277
1774;153.1005490874;21277
1775;131.3886963160;21277
1776;151.6922159303;21285
1777;177.7463408955;21283
1778;220.2775159173;21281
1779;193.9217525078;21281
1780;211.2603816669;21289
1781;254.5418388291;21284
1782;223.5322276672;21284
1783;182.3267271632;21284
1784;151.0719297625;21284
1785;129.4426243254;21284
1786;151.5628273292;21285
1787;170.0257107213;21287
1788;204.5667100951;21281
1789;174.9306893077;21281
1790;174.5225607555;21282
1791;184.5059012225;21303
1792;157.5994615709;21303
1793;134.6317376705;21303
1794;117.7063340980;21303
1795;139.6882720023;21313
1796;179.0601393537;21230
1797;210.3217218050;21228
1798;256.4205038306;21227
1799;230.6934661280;21227
1800;203.5933459915;21227
1801;244.7045065955;21239
1802;206.0020168724;21239
1803;176.1253064124;21239
1804;146.2550459969;21239
1805;170.0332591789;21231
1806;220.2107185756;21225
1807;192.9527217217;21225
1808;212.1042683896;21228
1809;188.6993365321;21228
1810;180.1384116346;21228
1811;212.5930486207;21232
1812;190.3132092605;21232
1813;149.1673981095;21232
1814;138.7026156953;21232
1815;145.0486563870;21240
1816;174.6170340066;21236
1817;192.0836259508;21238
1818;232.7245708101;21237
1819;198.9758897340;21237
1820;170.0894076116;21237
1821;167.4532133313;21239
1822;183.2473858275;21261
1823;156.6989789413;21261
1824;133.9813290865;21261
1825;160.5352664913;21253
1826;191.6804659497;21252
1827;230.4002902640;21250
1828;273.3608346702;21249
1829;228.9427034358;21249
1830;191.3028790220;21249
1831;169.3190319021;21249
1832;183.3529541520;21257
1833;156.0079474685;21257
1834;135.8743477830;21257
1835;148.4000730032;21265
1836;172.7694783260;21264
1837;182.9486399600;21266
1838;170.1133552198;21266
1839;194.8486637005;21265
1840;236.3979964184;21255
1841;286.7464121785;21243
1842;352.8192820137;21241
1843;306.5667327716;21241
1844;273.9267102899;21241
1845;326.0770467911;21237
1846;295.6039120125;21237
1847;386.8089077720;21236
1848;336.0816029658;21236
1849;267.7530481687;21236
1850;294.5514079421;21243
1851;355.7429201407;21237
1852;455.8299871728;21227
1853;390.7981772740;21227
1854;362.1945096935;21227
1855;309.7227949382;21227
1856;355.2564703700;21262
1857;300.7773537041;21262
1858;331.4316163990;21284
1859;273.8999191702;21284
1860;335.8817914884;21285
1861;404.3221349376;21281
1862;520.4070713072;21280
1863;464.4161792783;21280
1864;396.2503541443;21280
1865;352.3241437354;21280
1866;397.9663157035;21319
1867;378.6493861231;21319
1868;417.4660361125;21331
1869;349.7648641447;21331
1870;429.8902380901;21332
1871;532.9770916658;21329
1872;640.1143151632;21328
1873;611.6117018724;21328
1874;522.9280032660;21328
1875;448.4874710571;21328
1876;512.3901884578;21345
1877;438.0936108752;21345
1878;463.4389763877;21346
1879;390.3768338473;21346
1880;430.4870739915;21347
1881;368.0133512551;21347
1882;407.5014500656;21357
1883;351.8861907960;21357
1884;309.8109242192;21357
1885;341.1196708776;21361
1886;417.0531049741;21325
1887;364.2729797189;21325
1888;412.5935125747;21326
1889;326.0220639069;21326
1890;278.6883243318;21326
1891;306.5502409748;21335
1892;355.0597387808;21334
1893;303.4139267688;21334
1894;253.6078186378;21334
1895;322.8525315333;21329
1896;417.7019794667;21302
1897;356.7712957007;21302
1898;303.7899228021;21302
1899;279.3201140884;21302
1900;241.8969398630;21302
1901;255.5541447155;21308
1902;319.0628758389;21296
1903;279.8214852515;21296
1904;239.2133559655;21296
1905;263.1346918491;21301
1906;320.9199962027;21280
1907;355.5354394315;21281
1908;428.3652460244;21267
1909;393.6010501721;21267
1910;340.4157867122;21267
1911;375.5078583744;21270
1912;326.0509081070;21270
1913;292.6026834268;21270
1914;230.0787396217;21270
1915;277.0669536701;21265
1916;336.0083757105;21259
1917;415.1079749484;21258
1918;501.5981288645;21246
1919;438.7503848879;21246
1920;359.5495932770;21246
1921;395.5091206822;21248
1922;360.6981152135;21248
1923;305.1430299445;21248
1924;260.3385553145;21248
1925;285.8824986192;21253
1926;344.9086467595;21246
1927;380.4703792836;21247
1928;460.8273204127;21244
1929;395.6655848674;21244
1930;321.8819610071;21244
1931;352.3751703805;21247
1932;289.6418626683;21247
1933;247.5336060681;21247
1934;205.7306148510;21247
1935;238.2809067233;21241
1936;287.2887379648;21235
1937;345.1908933683;21234
1938;411.5706220370;21232
1939;352.4690065886;21232
1940;305.5945738626;21232
1941;334.7490147841;21234
1942;317.2815544736;21234
1943;288.0789207934;21234
1944;245.3452560021;21234
1945;265.0157907287;21240
1946;280.3636178322;21239
1947;311.4207434536;21240
1948;374.0750756464;21239
1949;349.1409865633;21239
1950;298.2559111015;21239
1951;227.4742121258;21239
1952;242.1885301460;21243
1953;208.7791147332;21243
1954;179.0905212672;21243
1955;200.8991993268;21234
1956;241.2490616912;21233
1957;291.6427015129;21232
1958;248.8780048452;21232
1959;213.7426683647;21232
1960;184.1313776393;21232
1961;156.5172984718;21232
1962;171.8272906407;21234
1963;146.4781313984;21234
1964;110.2610960945;21234
1965;114.8369078983;21243
1966;133.3934818542;21241
1967;140.3739037063;21247
1968;120.0187559090;21247
1969;138.6764069059;21248
1970;154.2302901198;21235
1971;187.8222579673;21222
1972;233.2756693432;21215
1973;211.8984466817;21215
1974;163.4282603508;21215
1975;197.0415041629;21209
1976;256.6708291092;21208
1977;302.1724113224;21206
1978;258.6855731856;21206
1979;223.8264238634;21206
1980;235.0103060510;21210
1981;284.0613030634;21201
1982;267.3645342630;21201
1983;219.7201216934;21201
1984;195.6382594477;21201
1985;223.0404590699;21207
1986;190.5177315818;21207
1987;220.1793748934;21208
1988;199.3859456217;21208
1989;180.8203903127;21208
1990;208.1189919344;21215
1991;246.4321237212;21203
1992;213.5582499335;21203
1993;175.2050265762;21203
1994;148.6395642113;21203
1995;178.1044444658;21195
1996;152.3078541324;21195
1997;171.6819419604;21193
1998;148.3817606834;21193
1999;127.2097291286;21193
2000;145.8199897444;21194
2001;181.3387145166;21190
2002;216.4394452317;21189
2003;202.8311270669;21189
2004;166.4131977996;21189
2005;182.5301714599;21197
2006;155.3205429261;21197
2007;176.6567833235;21199
2008;155.2794559138;21199
2009;132.6911609619;21199
2010;155.9369633631;21200
2011;187.5019201703;21197
2012;166.6984974515;21197
2013;141.6366860093;21197
2014;121.0993665521;21197
2015;149.2922835627;21186
2016;127.5376148752;21186
2017;149.8877975129;21183
2018;131.0197584240;21183
2019;157.3534996965;21182
2020;198.0302673925;21173
2021;185.8120478678;21173
2022;204.2782651542;21189
2023;167.8636128034;21189
2024;143.2482675525;21189
2025;161.8434966030;21200
2026;150.8143265899;21200
2027;171.2322087921;21201
2028;147.6747658188;21201
2029;126.0550259895;21201
2030;144.8629044010;21207
2031;167.3783138414;21206
2032;200.8452787621;21199
2033;171.7563384564;21199
2034;155.0105065213;21199
2035;193.3892286505;21189
2036;163.8469107906;21189
2037;185.6959285732;21188
2038;165.4081679255;21188
2039;142.6893903169;21188
2040;154.7951735162;21189
2041;132.2746990152;21189
2042;135.6891650138;21202
2043;116.0142340921;21202
2044;125.7961990867;21203
2045;138.3662078764;21213
2046;116.4724662538;21213
2047;132.1738779238;21216
2048;113.0086628227;21216
2049;115.7527560681;21217
2050;140.9187224920;21213
2051;121.1954349617;21213
2052;124.5493816370;21229
2053;106.4796493772;21229
2054;122.4474268809;21228
2055;141.1064272076;21218
2056;111.9407778441;21218
2057;138.7531022156;21215
2058;112.3762208472;21215
2059;145.7168695145;21214
2060;156.4274403422;21205
2061;131.8271936218;21205
2062;146.6111016596;21206
2063;124.0864683447;21206
2064;114.9966522019;21206
2065;131.9742218300;21216
2066;112.5923862294;21216
2067;136.1195906320;21219
2068;124.4255166497;21219
2069;105.9528604976;21219
2070;116.4521688520;21223
2071;90.6365875914;21223
2072;77.5059632896;21223
2073;65.9549671798;21223
2074;71.0424114152;21224
2075;85.5461853530;21208
2076;96.9194279967;21207
2077;104.5455592308;21203
2078;99.3206407998;21203
2079;116.6098716930;21204
2080;139.3511297801;21191
2081;105.9645542786;21191
2082;93.3296660952;21191
2083;80.1810972962;21191
2084;97.5251438180;21190
2085;125.5225070402;21189
2086;107.1631692918;21189
2087;110.9949391241;21193
2088;104.5074218556;21193
2089;87.5023616011;21193
2090;97.1048700631;21212
2091;89.0780892928;21212
2092;76.1729484247;21212
2093;65.5957119972;21212
2094;74.9371178669;21213
2095;82.5164158979;21231
2096;73.3076444342;21231
2097;85.5184631180;21226
2098;73.3966203165;21226
2099;81.1021735282;21240
2100;92.8645442030;21225
2101;75.3605989449;21225
2102;66.0542502215;21225
2103;56.2007745157;21225
2104;64.1901251541;21230
2105;72.3571240851;21209
2106;65.1804340483;21209
2107;74.0194742584;21213
2108;63.2868694405;21213
2109;77.7687209700;21197
2110;93.5258311392;21192
2111;79.0108618156;21192
2112;67.5915849726;21192
2113;57.5409382579;21192
2114;61.4256221781;21187
2115;62.7938904122;21208
2116;75.4157711049;21207
2117;86.5811013868;21204
2118;68.9358694782;21204
2119;68.6158496908;21220
2120;74.8242210682;21238
2121;89.9327097611;21236
2122;108.3191871591;21235
2123;85.7009142196;21235
2124;98.5379018014;21235
2125;119.4009657701;21222
2126;102.1263882693;21222
2127;120.8149450267;21221
2128;100.3426375896;21221
2129;121.4613972298;21209
2130;146.0772492549;21195
2131;124.6778362819;21195
2132;143.1350124403;21196
2133;121.9384758264;21196
2134;141.9081495933;21195
2135;122.4340920534;21195
2136;135.6634062783;21247
2137;157.2915350700;21248
2138;134.5485237370;21248
2139;117.8921950768;21248
2140;129.5994701011;21263
2141;109.8512683585;21263
2142;93.2090949774;21263
2143;79.6746757699;21263
2144;87.0022845509;21265
2145;95.6661154175;21278
2146;130.0553448935;21247
2147;141.4209572799;21246
2148;114.6317218418;21246
2149;118.1410899526;21257
2150;141.7546524700;21256
2151;120.8287123214;21256
2152;102.5473572910;21256
2153;88.0697114928;21256
2154;107.4302223307;21254
2155;130.1531532955;21244
2156;154.8040986027;21240
2157;195.9805184552;21240
2158;168.5765086845;21240
2159;192.3528158674;21233
2160;216.0669968016;21226
2161;185.8041728694;21226
2162;160.4748345725;21226
2163;135.4758226060;21226
2164;116.4541953157;21226
2165;132.9360558427;21236
2166;158.2582050972;21234
2167;178.7062252250;21234
2168;158.3282150610;21234
2169;192.3596180061;21241
2170;230.9263639344;21240
2171;197.0726388359;21240
2172;175.4463554975;21240
2173;150.9792501040;21240
2174;130.5401815781;21240
2175;158.1937650957;21231
2176;188.7730622933;21227
2177;218.4651172693;21227
2178;166.8758791255;21227
2179;214.4122690957;21220
2180;257.4967400535;21219
2181;202.6841033640;21219
2182;177.4154514093;21219
2183;151.6284321803;21219
2184;129.6449801760;21219
2185;141.5082432135;21228
2186;170.6068384897;21222
2187;196.4808452197;21222
2188;171.1997479775;21222
2189;209.7002338390;21229
2190;252.6293822974;21228
2191;204.0988656921;21228
2192;178.9000045628;21228
2193;149.5577364869;21228
2194;127.2077112725;21228
2195;169.6997035233;21219
2196;204.1197720354;21216
2197;234.7771370186;21216
2198;186.9754639938;21216
2199;216.0633780376;21210
2200;184.0880421556;21210
2201;202.5720820310;21221
2202;244.8570789099;21199
2203;189.5152672892;21199
2204;161.6991801553;21199
2205;138.9043778611;21199
2206;141.4153943321;21252
2207;174.7094536232;21253
2208;148.2448620739;21253
2209;176.5320144170;21259
2210;205.8252446121;21258
2211;244.5412922350;21255
2212;312.1324332446;21254
2213;263.9392898975;21254
2214;221.4142540628;21254
2215;191.8417394256;21254
2216;209.1725967008;21293
2217;240.1336114369;21293
2218;194.9283954725;21293
2219;234.9881886995;21288
2220;201.0701950449;21288
2221;208.9290391207;21303
2222;231.8475460864;21302
2223;189.1426635118;21302
2224;175.8690442282;21302
2225;149.7765077314;21302
2226;164.1927935923;21310
2227;191.2205218445;21309
2228;163.4904289192;21309
2229;178.6150086905;21314
2230;152.1234703469;21314
2231;166.6229370594;21322
2232;202.5784422461;21321
2233;164.7419996938;21321
2234;135.8439227542;21321
2235;149.3173874089;21330
2236;187.4701234176;21264
2237;216.2850364603;21264
2238;184.7118029637;21264
2239;203.7383332044;21260
2240;186.3566807478;21260
2241;202.9161612114;21266
2242;244.1385297687;21265
2243;203.6364532665;21265
2244;193.3478448689;21265
2245;233.1391700110;21259
2246;306.1643141347;21252
2247;261.7492304640;21252
2248;285.8680981498;21254
2249;244.9403585927;21254
2250;261.4967692578;21259
2251;316.3610595403;21248
2252;370.7947218160;21247
2253;317.0944776413;21247
2254;270.7883101281;21247
2255;231.4607322484;21247
2256;254.4741876626;21282
2257;280.2632627606;21283
2258;351.0149258993;21282
2259;300.1220728794;21282
2260;335.4722704433;21283
2261;401.6427086673;21278
2262;305.4327247110;21278
2263;255.7270006733;21278
2264;217.9117000296;21278
2265;244.7487260587;21284
2266;276.3418852002;21263
2267;327.3997860149;21262
2268;272.8101599465;21262
2269;232.6662787510;21262
2270;229.9781477500;21271
2271;238.8158506739;21282
2272;204.1874179922;21282
2273;174.9818401572;21282
2274;142.5335822845;21282
2275;172.1085938700;21272
2276;207.6989426463;21254
2277;221.0912162516;21255
2278;265.4818934054;21254
2279;224.2817781196;21254
2280;248.5081694027;21255
2281;299.1394924741;21251
2282;255.7709188678;21251
2283;218.0178221817;21251
2284;177.8220321888;21251
2285;151.9883556069;21251
2286;178.4659208853;21297
2287;205.6281130373;21296
2288;178.3862587828;21296
2289;196.8560517068;21300
2290;237.6009809605;21288
2291;286.3028320761;21283
2292;249.5107262198;21283
2293;203.6410611280;21283
2294;157.1428260569;21283
2295;172.9323676934;21293
2296;212.2637521699;21259
2297;254.9159815828;21258
2298;199.8912174910;21258
2299;256.1710270576;21254
2300;301.7386492203;21252
2301;374.0832259032;21247
2302;319.8392835787;21247
2303;273.2972446870;21247
2304;239.0848876221;21247
2305;277.9438994730;21241
2306;340.0244180765;21229
2307;294.1041918884;21229
2308;323.5148134503;21242
2309;269.7527615820;21242
2310;297.2275986251;21248
2311;362.5703123359;21246
2312;313.6124349396;21246
2313;279.0778858331;21246
2314;228.3206987455;21246
2315;261.4120703468;21252
2316;319.9915593422;21246
2317;279.0016260684;21246
2318;315.1907554276;21249
2319;266.5282178312;21249
2320;293.3535252961;21256
2321;261.0596779688;21256
2322;252.5604934970;21266
2323;227.9695645557;21266
2324;218.3199094992;21266
2325;263.5067734351;21259
2326;316.7021948373;21257
2327;294.2917096290;21257
2328;322.3354457176;21271
2329;305.9119747041;21271
2330;337.8178831545;21273
2331;288.7941437860;21273
2332;315.4046720123;21283
2333;294.0226421659;21283
2334;251.3914936856;21283
2335;276.5311658227;21290
2336;365.7079868297;21289
2337;312.6131455856;21289
2338;350.2356726135;21290
2339;321.1279704914;21290
2340;372.0211291294;21291
2341;318.1111828753;21291
2342;358.5186516914;21297
2343;298.6871176827;21297
2344;255.7738333879;21297
2345;307.3671644848;21291
2346;367.2220179381;21290
2347;346.0431730327;21290
2348;380.6100238609;21291
2349;323.1827157079;21291
2350;274.2472593880;21291
2351;308.8903311328;21311
2352;373.5441905900;21296
2353;314.9048907606;21296
2354;297.4505677899;21296
2355;327.5627083443;21302
2356;271.2617699884;21302
2357;240.9667505351;21302
2358;202.5828073441;21302
2359;229.8335381964;21306
2360;290.7811896291;21290
2361;316.4947889840;21285
2362;363.4927652476;21284
2363;285.7586306034;21284
2364;244.0366048817;21284
2365;294.9676326195;21276
2366;252.4793886293;21276
2367;213.6175683382;21276
2368;182.7169023168;21276
2369;219.9459918156;21272
2370;282.4494094266;21271
2371;357.1393207926;21266
2372;428.7887490786;21265
2373;367.0528809762;21265
2374;313.8247107816;21265
2375;268.2495060489;21265
2376;294.9028815872;21286
2377;252.2059558539;21286
2378;227.5768573835;21286
2379;192.7926201884;21286
2380;219.1227146958;21288
2381;266.5028278451;21278
2382;320.5972583538;21275
2383;274.1107635490;21275
2384;231.7766395985;21275
2385;275.3597557378;21283
2386;333.3729299817;21272
2387;271.1901925084;21272
2388;231.9573688126;21272
2389;194.8651762383;21272
2390;219.8707120537;21280
2391;262.6799889523;21278
2392;315.9927832180;21275
2393;288.1647807745;21275
2394;243.7349906466;21275
2395;292.0829355392;21268
2396;386.0649578018;21265
2397;339.7515344810;21265
2398;284.2943532300;21265
2399;242.7324734535;21265
2400;267.4575355730;21271
2401;321.1995280901;21270
2402;378.1728976941;21269
2403;323.3190397476;21269
2404;276.1674882114;21269
2405;329.3245904084;21276
2406;397.5822328008;21273
2407;340.7754075356;21273
2408;259.7884381787;21273
2409;221.1575487594;21273
2410;234.3631100874;21274
2411;184.4601948756;21274
2412;201.8701554215;21275
2413;175.3596609816;21275
2414;144.0244259252;21275
2415;175.3439582588;21261
2416;198.5405265192;21257
2417;235.9491396340;21260
2418;280.3793998123;21256
2419;227.9522760859;21256
2420;196.1982242470;21256
2421;189.4047723843;21261
2422;233.8058503283;21263
2423;206.2511735921;21263
2424;192.3884575785;21263
2425;163.6217240992;21263
2426;201.5203059105;21318
2427;254.9403050184;21316
2428;281.8956226028;21313
2429;242.4637817786;21313
2430;206.9035409155;21313
2431;240.4869049322;21318
2432;288.3141563332;21317
2433;260.5211643915;21317
2434;223.1198420230;21317
2435;190.7491259289;21317
2436;193.0477937073;21341
2437;214.9214219805;21342
2438;283.2966914098;21338
2439;243.8996619057;21338
2440;208.4044539921;21338
2441;224.3674763255;21350
2442;269.2227926196;21349
2443;250.8252216351;21349
2444;219.0375260230;21349
2445;187.8473154359;21349
2446;206.6357269459;21361
2447;238.4542544721;21361
2448;304.7221291444;21344
2449;244.2681403269;21344
2450;203.8358303426;21344
2451;231.1959995272;21348
2452;277.3096795409;21347
2453;223.0403892823;21347
2454;190.5604923349;21347
2455;162.9297930851;21347
2456;180.7286598207;21354
2457;189.7788360154;21353
2458;222.0814507741;21346
2459;189.8872425486;21346
2460;180.1148152587;21346
2461;204.7038927201;21348
2462;162.2583172121;21348
2463;124.3001051844;21348
2464;106.1806374857;21348
2465;116.4604502948;21361
2466;146.6155795655;21284
2467;182.8558489469;21285
2468;200.6510905776;21284
2469;220.7785483701;21288
2470;266.9863467422;21278
2471;301.4014055383;21268
2472;259.4244039598;21268
2473;231.7782261150;21268
2474;198.1592984883;21268
2475;232.3933327803;21261
2476;269.2422222683;21244
2477;323.2939916633;21243
2478;388.6260666418;21241
2479;451.4680265736;21239
2480;537.8224643720;21235
2481;706.8875664220;21231
2482;604.4313967071;21231
2483;495.3765138641;21231
2484;423.5388610145;21231
2485;399.7823742676;21231
2486;441.5736100896;21268
2487;365.1780669213;21268
2488;401.6607289858;21271
2489;441.2067348403;21273
2490;556.9754640142;21272
2491;478.4881028138;21272
2492;530.9864707497;21290
2493;453.2305458032;21290
2494;386.7771477203;21290
2495;298.8542476751;21290
2496;328.3961355699;21338
2497;249.5710033728;21338
2498;276.8806067325;21346
2499;333.1484206608;21343
2500;383.4690703893;21342
2501;448.7401590682;21340
2502;586.9943379965;21325
2503;471.5083900864;21325
2504;406.4818348071;21325
2505;347.3742602490;21325
2506;402.7603383500;21330
2507;334.9529969460;21330
2508;368.5906931984;21347
2509;307.9963147623;21347
2510;339.0830168524;21356
2511;290.4774929162;21356
2512;344.1093396210;21363
2513;324.0113572174;21363
2514;287.1098985395;21363
2515;262.4731016202;21363
2516;299.4855655686;21366
2517;329.4055302385;21367
2518;420.4562116762;21350
2519;346.5321261516;21350
2520;367.6938924194;21352
2521;305.4144686040;21352
2522;335.2062754679;21366
2523;286.6007626565;21366
2524;222.6906886774;21366
2525;244.8793164128;21373
2526;292.2082229891;21315
2527;318.4675540454;21314
2528;382.7964870187;21311
2529;327.2830940651;21311
2530;357.4112031421;21314
2531;305.5999293530;21314
2532;336.1598764177;21315
2533;291.0964962583;21315
2534;259.0109753019;21315
2535;311.6197418581;21309
2536;371.1343130168;21248
2537;317.7451948881;21248
2538;346.1306364705;21264
2539;295.8701587406;21264
2540;320.9929858921;21265
2541;266.0623934838;21265
2542;226.9921602098;21265
2543;193.6920367233;21265
2544;177.8150497645;21265
2545;197.5851716302;21271
2546;233.3079488604;21266
2547;256.4512688175;21267
2548;312.5200506484;21247
2549;370.7821009350;21250
2550;453.4072135991;21249
2551;384.7517775198;21249
2552;328.1050779620;21249
2553;293.0609381838;21249
2554;250.6275501857;21249
2555;303.8716739427;21245
2556;370.6450124752;21244
2557;318.8571510797;21244
2558;353.7743369714;21275
2559;391.2843183387;21272
2560;472.1702085854;21265
2561;406.9698247138;21265
2562;340.4170322200;21265
2563;326.7903367471;21265
2564;276.0081609431;21265
2565;303.5233285033;21269
2566;361.3154288705;21268
2567;304.7735648089;21268
2568;355.3496042531;21269
2569;398.3613927984;21272
2570;523.8056243687;21269
2571;449.2899150870;21269
2572;337.7311504103;21269
2573;288.4187473887;21269
2574;228.5532073129;21269
2575;248.8330379906;21264
2576;335.8697717236;21261
2577;290.7387679518;21261
2578;319.6100738478;21262
2579;403.7852817477;21259
2580;535.9537633534;21258
2581;453.4668340981;21258
2582;387.3831355371;21258
2583;320.6458179802;21258
2584;273.8820565323;21258
2585;331.0491485686;21263
2586;398.4168502889;21262
2587;358.1292230166;21262
2588;394.0927986431;21263
2589;343.2925748904;21263
2590;370.3803566000;21275
2591;280.7762781679;21275
2592;257.9181019181;21275
2593;208.4243744274;21275
2594;159.2723151407;21275
2595;189.9891165042;21267
2596;166.1409641567;21267
2597;190.7517678761;21267
2598;212.7921265692;21227
2599;237.4944193233;21230
2600;281.7694592035;21215
2601;240.1399950631;21215
2602;215.2048734077;21215
2603;202.0515861069;21215
2604;169.9158521727;21215
2605;167.4885170066;21223
2606;184.2119198152;21282
2607;219.7093332961;21282
2608;267.4922852922;21263
2609;345.9313676142;21261
2610;464.7206981161;21260
2611;397.2125548339;21260
2612;342.8140164472;21260
2613;293.0975429185;21260
2614;252.1901274215;21260
2615;304.0939955128;21254
2616;379.5514171844;21246
2617;338.8200162608;21246
2618;379.3390596081;21298
2619;312.8405585588;21298
2620;339.6849118811;21299
2621;290.4184744015;21299
2622;252.2567611384;21299
2623;215.6649702103;21299
2624;184.3776586662;21299
2625;179.1986082728;21306
2626;191.8709737108;21343
2627;193.5429877994;21343
2628;233.3344834978;21337
2629;258.0569913012;21339
2630;309.1457267633;21338
2631;264.6861261719;21338
2632;227.3400138045;21338
2633;189.0048829546;21338
2634;158.9369080903;21338
2635;181.9713405756;21330
2636;224.0304284756;21295
2637;256.5826899672;21295
2638;295.9128498017;21273
2639;352.0754485046;21271
2640;422.8213805118;21270
2641;362.0782040498;21270
2642;321.8170236962;21270
2643;268.4843655913;21270
2644;211.5221251828;21270
2645;200.6355391123;21270
2646;211.3106327369;21301
2647;260.0077229951;21301
2648;347.5457303377;21292
2649;412.9898919459;21294
2650;355.2540326657;21294
2651;373.9119052933;21305
2652;460.0572282797;21297
2653;400.5212530538;21297
2654;340.8659993178;21297
2655;291.4101283041;21297
2656;320.7780714391;21318
2657;385.1565563965;21317
2658;502.7447572374;21316
2659;615.7269144214;21315
2660;542.6124344061;21315
2661;583.7665732352;21322
2662;618.9690895342;21316
2663;526.9617464974;21316
2664;433.2685604578;21316
2665;370.6967684522;21316
2666;406.4337149409;21327
2667;363.5162318316;21327
2668;400.1925165596;21350
2669;434.7715390996;21351
2670;408.2935684651;21351
2671;437.6768694279;21352
2672;542.2606042824;21350
2673;492.0994015187;21350
2674;391.3403727703;21350
2675;333.1744312583;21350
2676;338.6321924686;21361
2677;338.1582171837;21362
2678;371.9867019804;21376
2679;446.7304782790;21375
2680;381.9893359134;21375
2681;345.6985332153;21375
2682;352.5568433736;21382
2683;317.5299956449;21382
2684;287.1403360428;21382
2685;245.4021063124;21382
2686;278.4455411794;21385
2687;328.1696812180;21384
2688;400.2651648068;21367
2689;439.6348760918;21368
2690;337.4214947258;21368
2691;324.0781007110;21368
2692;370.8747729557;21369
2693;316.5343244268;21369
2694;256.2295977829;21369
2695;219.9677120920;21369
2696;254.0644032193;21371
2697;279.4483981707;21372
2698;340.7775606601;21324
2699;409.7980643850;21322
2700;358.6004219371;21322
2701;278.3623823851;21322
2702;306.1978395944;21325
2703;250.0420015312;21325
2704;229.2141489621;21325
2705;195.9779415657;21325
2706;215.6374447077;21327
2707;221.3353966642;21327
2708;237.0751149952;21315
2709;264.9938506755;21317
2710;351.1491114099;21316
2711;421.7442705968;21310
2712;542.3656676405;21304
2713;464.7544745495;21304
2714;396.2584934769;21304
2715;351.2010179274;21304
2716;332.3276921257;21304
2717;283.7058718637;21304
2718;312.6155938862;21312
2719;347.4511289886;21311
2720;297.0665899632;21311
2721;314.3042994921;21315
2722;375.5007695844;21311
2723;330.9248152955;21311
2724;271.6089453628;21311
2725;232.2246751375;21311
2726;199.1917959192;21311
2727;226.2157509778;21311
2728;289.8507548756;21306
2729;343.7162166459;21307
2730;295.0852006877;21307
2731;334.2826576534;21309
2732;401.5048655629;21308
2733;341.6981955511;21308
2734;327.1782966858;21308
2735;279.6083248127;21308
2736;237.7617038243;21308
2737;261.1580082527;21308
2738;314.6460627831;21302
2739;368.6654417100;21301
2740;315.2023797258;21301
2741;250.5860332817;21301
2742;256.2811670370;21310
2743;216.5588067365;21310
2744;205.7338747913;21310
2745;175.9580584526;21310
2746;132.2736213464;21310
2747;167.1253918014;21309
2748;201.7349529922;21305
2749;237.0231067615;21306
2750;215.1228331808;21306
2751;185.0621953615;21306
2752;203.5743726789;21310
2753;174.2773126873;21310
2754;149.2522201812;21310
2755;174.8463287004;21318
2756;228.2061980212;21200
2757;245.3211980395;21201
2758;260.1813286926;21200
2759;318.2153607663;21199
2760;285.9519217230;21199
2761;236.6345907600;21199
2762;260.3988728544;21200
2763;236.9235101192;21200
2764;207.2944004176;21200
2765;248.6757374494;21194
2766;296.4415912121;21178
2767;355.8226802279;21177
2768;307.3116388496;21177
2769;337.7426639337;21178
2770;289.2305502752;21178
2771;248.6363627076;21178
2772;272.8590209992;21179
2773;232.7158804348;21179
2774;196.6688692713;21179
2775;212.5561317029;21185
2776;257.5281586828;21167
2777;279.4100608918;21168
2778;259.2748126333;21168
2779;330.3871006607;21167
2780;258.0151019747;21167
2781;243.7792516010;21167
2782;269.6225909843;21168
2783;204.9579346677;21168
2784;175.2361913538;21168
2785;211.2725466091;21161
2786;254.1948394566;21158
2787;306.5885775516;21157
2788;244.5942697675;21157
2789;293.4979974977;21158
2790;251.8163367639;21158
2791;219.2455186246;21158
2792;165.1899882227;21158
2793;140.2783229888;21158
2794;119.9301448954;21158
2795;127.5601715563;21165
2796;153.3893189488;21164
2797;168.6757326570;21165
2798;135.0811947223;21165
2799;163.8291111624;21163
2800;137.8852786972;21163
2801;113.4444816300;21163
2802;98.8158822136;21163
2803;88.5188671616;21163
2804;88.6027983525;21165
2805;106.0922193801;21156
2806;125.8090446877;21155
2807;146.4335843215;21154
2808;125.1911790448;21154
2809;144.8421027193;21155
2810;123.8307732080;21155
2811;105.8852188177;21155
2812;90.5364711668;21155
2813;77.3438517176;21155
2814;92.9849650301;21153
2815;101.3693035512;21162
2816;86.6981229304;21162
2817;97.8219734676;21164
2818;117.8071271450;21163
2819;133.2344264053;21162
2820;114.1516409880;21162
2821;94.8981352750;21162
2822;79.4213464246;21162
2823;67.8709118331;21162
2824;71.0564011263;21164
2825;86.0692413980;21152
2826;111.3776247914;21151
2827;130.0178785915;21150
2828;120.9201926093;21150
2829;142.4652760303;21151
2830;121.8002545479;21151
2831;103.0139593121;21151
2832;86.2921131998;21151
2833;72.9394031901;21151
2834;87.6993505352;21149
2835;79.9215273202;21149
2836;87.5282996782;21196
2837;102.5555839483;21196
2838;81.2474310247;21196
2839;94.4745864300;21195
2840;86.6669685220;21195
2841;80.1045494961;21195
2842;70.0832229992;21195
2843;60.3925617945;21195
2844;66.0096911668;21203
2845;72.5607287576;21215
2846;89.7648843739;21173
2847;109.8999916660;21173
2848;93.9656711012;21173
2849;116.5567431550;21175
2850;99.8823539065;21175
2851;85.2899403915;21175
2852;71.5095713133;21175
2853;65.6015694661;21175
2854;77.6829847998;21168
2855;93.9251889730;21158
2856;104.9215361790;21152
2857;108.7846883640;21152
2858;93.4597354535;21152
2859;110.1274793030;21150
2860;94.7684938625;21150
2861;81.6291906616;21150
2862;70.1009177531;21150
2863;62.3328444875;21150
2864;68.2978717608;21157
2865;75.0963709168;21167
2866;90.5768347057;21166
2867;105.4924788044;21166
2868;91.2921026437;21166
2869;102.7892437325;21168
2870;87.8850118684;21168
2871;71.9813288362;21168
2872;63.2907478931;21168
2873;54.0217655100;21168
2874;69.4283745148;21160
2875;83.8927609133;21150
2876;72.6250799835;21150
2877;81.6382999760;21155
2878;69.8306585729;21155
2879;77.1802548589;21153
2880;65.8417764911;21153
2881;55.3252317738;21153
2882;50.2054409831;21153
2883;43.5832964506;21153
2884;49.0048205686;21160
2885;54.2770535569;21169
2886;65.3445206348;21168
2887;85.1326342230;21162
2888;72.7877612204;21162
2889;83.8411717530;21164
2890;68.5285505086;21164
2891;58.5919142277;21164
2892;50.2266473259;21164
2893;43.2734784243;21164
2894;53.5219399328;21157
2895;67.2473187447;21149
2896;63.3370610410;21149
2897;62.3588300074;21155
2898;73.7255054995;21172
2899;85.0624082866;21170
2900;74.3263647431;21170
2901;63.5776555732;21170
2902;54.3334944932;21170
2903;46.4872553200;21170
2904;57.0973735625;21177
2905;63.4319899650;21185
2906;54.0004739940;21185
2907;60.2396738875;21177
2908;72.5005220273;21164
2909;82.3111505380;21166
2910;70.3136010233;21166
2911;59.2738072882;21166
2912;50.6806964308;21166
2913;39.1566795005;21166
2914;46.9977451149;21158
2915;56.4923336219;21148
2916;47.1781460155;21148
2917;52.7714755157;21156
2918;60.8277720800;21161
2919;72.7911479805;21159
2920;62.2912286922;21159
2921;53.2724154400;21159
2922;45.3727791362;21159
2923;48.0075480445;21182
2924;55.5672046334;21182
2925;60.5191776678;21193
2926;52.1082391253;21193
2927;61.5881889476;21186
2928;75.9911829773;21179
2929;90.3431700792;21179
2930;77.2434113572;21179
2931;70.7337862046;21179
2932;62.2130779683;21179
2933;75.9605635809;21163
2934;64.4217267555;21163
2935;77.9756630308;21153
2936;65.9815339697;21153
2937;69.8560923766;21153
2938;90.8024518397;21152
2939;107.7649897736;21151
2940;99.6938773807;21151
2941;76.3777426419;21151
2942;62.7218634034;21151
2943;66.7443291581;21167
2944;53.7334913364;21167
2945;59.1189230688;21177
2946;52.8395131052;21177
2947;59.1839193675;21184
2948;65.6820693909;21190
2949;69.5550683372;21195
2950;59.2146165341;21195
2951;49.8615083638;21195
2952;38.6640384327;21195
2953;47.0423799924;21168
2954;54.1941067467;21168
2955;66.8047498860;21158
2956;59.1188187860;21158
2957;66.3287788943;21152
2958;79.9040947257;21147
2959;89.2329367701;21143
2960;84.6799364365;21143
2961;72.4082145678;21143
2962;69.4561292124;21143
2963;62.8096926570;21143
2964;50.1504907978;21143
2965;50.9201627321;21153
2966;43.5903244345;21153
2967;48.6743102662;21158
2968;59.6179260468;21162
2969;68.3485897377;21165
2970;53.2006330091;21165
2971;45.0944890797;21165
2972;38.7470776555;21165
2973;39.6345376378;21192
2974;44.2736326768;21200
2975;55.9967665293;21189
2976;47.8755897495;21189
2977;56.3297992646;21185
2978;67.4841015810;21180
2979;72.0386220063;21178
2980;55.0641382056;21178
2981;49.2825026002;21178
2982;42.0125278505;21178
2983;52.6198589149;21153
2984;67.6475652117;21147
2985;60.6424863180;21147
2986;72.8947526342;21242
2987;83.6274292006;21242
2988;68.1978817128;21242
2989;77.3446178348;21244
2990;69.7899534150;21244
2991;60.1607925366;21244
2992;52.9108031311;21244
2993;45.2365290426;21244
2994;50.3674307931;21250
2995;49.5414059757;21261
2996;57.3747405406;21293
2997;64.8096335391;21293
2998;48.7396782615;21293
2999;60.6715556834;21294
3000;51.8830385690;21294
3001;43.1127059253;21294
3002;36.9823052257;21294
3003;43.9945379598;21319
3004;52.5301454615;21313
3005;57.9644401160;21302
3006;82.4502045542;21208
3007;86.4536889328;21208
3008;70.7146519114;21208
3009;83.2421727546;21205
3010;71.3379819307;21205
3011;55.9207405724;21205
3012;48.7626997196;21205
3013;53.4581041229;21186
3014;62.3262861865;21186
3015;68.1295579011;21197
3016;85.3842851227;21179
3017;98.8498452293;21179
3018;84.4998513336;21179
3019;101.1624504737;21178
3020;86.7182883106;21178
3021;74.1442451462;21178
3022;61.4571861569;21178
3023;49.9254980373;21178
3024;61.3203387355;21178
3025;74.2791187222;21167
3026;92.1439550188;21165
3027;106.0895692988;21165
3028;90.5241746444;21165
3029;104.9670058608;21167
3030;89.7734819344;21167
3031;76.7225019320;21167
3032;65.3983268890;21167
3033;55.8773591442;21167
3034;57.4086440304;21167
3035;63.8147467514;21178
3036;77.2638157626;21172
3037;80.7413137646;21172
3038;69.0338182708;21172
3039;82.3989615785;21173
3040;62.8082217648;21173
3041;55.3159110494;21173
3042;42.8378908984;21173
3043;45.7521981143;21192
3044;56.2898497415;21198
3045;70.0574266098;21187
3046;86.3780646889;21186
3047;89.0934368062;21186
3048;83.9994045728;21186
3049;106.0140149077;21183
3050;88.8167407341;21183
3051;73.0599057110;21183
3052;54.7012689243;21183
3053;67.0869634694;21168
3054;85.3568251092;21163
3055;65.8937921153;21163
3056;70.7833811078;21178
3057;83.9340539190;21178
3058;72.0853518644;21178
3059;77.9448354684;21184
3060;66.6430029201;21184
3061;57.0925218862;21184
3062;51.1312320992;21184
3063;57.6921852217;21199
3064;63.2507827121;21205
3065;68.1577161265;21216
3066;82.4995722628;21210
3067;95.0674489938;21210
3068;78.6563926603;21210
3069;93.4422760817;21204
3070;79.6730935731;21204
3071;72.7598269442;21204
3072;62.2091200319;21204
3073;67.3932394501;21192
3074;81.1891480574;21187
3075;96.6854856558;21179
3076;116.0477426707;21176
3077;139.5722988566;21177
3078;127.2936801654;21177
3079;121.1653908065;21177
3080;134.1056848040;21183
3081;178.8016247310;21158
3082;217.5811858484;21140
3083;186.0545933229;21140
3084;154.5920334115;21140
3085;132.1503323072;21140
3086;144.3548018240;21221
3087;158.0104442663;21220
3088;127.5640765263;21220
3089;108.9079809109;21220
3090;121.5264318811;21221
3091;148.3995332512;21197
3092;176.4436051196;21192
3093;150.8592412658;21192
3094;121.0819312639;21192
3095;105.1604201915;21192
3096;125.3859315362;21231
3097;148.6564668759;21232
3098;132.4476329574;21232
3099;113.1671917305;21232
3100;124.4793728652;21233
3101;149.9618109856;21228
3102;191.8723385484;21227
3103;164.0507942763;21227
3104;157.2768902482;21227
3105;133.8222694209;21227
3106;161.2846374868;21246
3107;177.0458571158;21246
3108;156.6643201098;21246
3109;137.6118182858;21246
3110;151.3748437274;21253
3111;181.8744739334;21251
3112;218.2750249336;21250
3113;187.0152839820;21250
3114;159.8955447440;21250
3115;130.5046617960;21250
3116;142.5063319592;21256
3117;168.4606736987;21256
3118;142.0326864883;21256
3119;121.7934703853;21256
3120;134.3569139959;21257
3121;159.4892071939;21253
3122;136.9990026537;21253
3123;120.4006125848;21253
3124;94.0085907475;21253
3125;100.8092717854;21261
3126;124.8676805934;21216
3127;158.1912208049;21215
3128;135.4831332444;21215
3129;116.9678105988;21215
3130;125.1861818060;21216
3131;139.9075320637;21215
3132;149.1185085766;21214
3133;127.6399900777;21214
3134;106.3206413437;21214
3135;142.9403727972;21207
3136;176.9614133973;21166
3137;204.1559570969;21167
3138;174.3283834604;21167
3139;148.1048295028;21167
3140;177.0699255326;21168
3141;132.5322617556;21168
3142;145.7848671500;21173
3143;123.6895966983;21173
3144;94.3463528462;21173
3145;107.9037071026;21180
3146;119.8899194275;21147
3147;140.1794720782;21146
3148;108.5694124531;21146
3149;88.9477826616;21146
3150;97.8410716572;21147
3151;117.5802451118;21145
3152;138.2535682943;21141
3153;116.9192279210;21141
3154;100.0995946614;21141
3155;132.3443310353;21134
3156;159.1788718947;21127
3157;189.9249804295;21126
3158;167.0479899127;21126
3159;154.7779934361;21126
3160;138.3598853873;21126
3161;161.6702446905;21160
3162;194.1224476593;21159
3163;169.7107840142;21159
3164;138.6146893293;21159
3165;114.2713805350;21159
3166;126.3210264921;21228
3167;138.9699410551;21231
3168;117.3862269086;21231
3169;100.5951506046;21231
3170;85.9657718616;21231
3171;99.5304196815;21239
3172;91.4535538634;21239
3173;73.5580361476;21239
3174;80.3692993009;21244
3175;96.1863282072;21251
3176;113.9275570130;21194
3177;134.7593111602;21191
3178;101.2249420753;21191
3179;95.5539988743;21191
3180;85.5810035117;21191
3181;94.1651527690;21206
3182;80.5891366508;21206
3183;65.1970045514;21206
3184;84.6632338465;21201
3185;96.5796661167;21194
3186;117.7168689950;21174
3187;133.1179826582;21177
3188;120.9958237550;21177
3189;103.4613718519;21177
3190;94.4710686931;21177
3191;104.2456792192;21182
3192;88.6352075185;21182
3193;75.7492411643;21182
3194;65.4037678575;21182
3195;71.6421056939;21189
3196;81.5519467195;21165
3197;103.7024225159;21160
3198;90.9434566438;21160
3199;92.0291406932;21163
3200;111.6107039232;21161
3201;136.6765816471;21138
3202;115.9213382940;21138
3203;109.6632788370;21138
3204;86.0862329833;21138
3205;104.2301338987;21133
3206;136.5708728807;21122
3207;119.3128794300;21122
3208;125.0362000052;21157
3209;148.2627879286;21155
3210;177.4458726269;21143
3211;218.7822726482;21134
3212;191.8358631772;21134
3213;163.9840760251;21134
3214;140.2207482026;21134
3215;119.8483362544;21134
3216;136.8922954948;21235
3217;105.2963949560;21235
3218;128.5383790601;21279
3219;141.3795426063;21281
3220;170.7200582968;21280
3221;191.4879002619;21275
3222;183.0835385233;21275
3223;151.5869656721;21275
3224;129.0803918895;21275
3225;107.1465763481;21275
3226;115.6349917926;21309
3227;98.4936465410;21309
3228;119.9137603706;21312
3229;147.4639696593;21310
3230;163.8217982502;21309
3231;221.8337724335;21303
3232;189.7300641107;21303
3233;162.5562775579;21303
3234;138.2791023765;21303
3235;118.2266566203;21303
3236;130.0493226724;21309
3237;111.2236835134;21309
3238;109.2877932259;21315
3239;120.2196145523;21317
3240;145.0121910587;21316
3241;174.2744881585;21314
3242;149.0906800544;21314
3243;120.0843407240;21314
3244;100.9605890066;21314
3245;111.0506726759;21319
3246;154.5118478698;21272
3247;131.8496056186;21272
3248;145.0286493634;21273
3249;176.5222637312;21271
3250;138.6625767427;21271
3251;152.6204240301;21297
3252;131.9531543612;21297
3253;114.7637446468;21297
3254;98.1323667273;21297
3255;117.2980831848;21292
3256;147.9398491740;21225
3257;135.0617367125;21225
3258;157.1041204764;21230
3259;172.7571940760;21232
3260;147.7141679897;21232
3261;157.7278707622;21245
3262;137.2375571718;21245
3263;110.5988421195;21245
3264;94.5122315083;21245
3265;105.6289523783;21250
3266;129.1109594109;21225
3267;110.9147970596;21225
3268;118.4166219660;21226
3269;141.9977363308;21224
3270;121.5153372781;21224
3271;117.4391572733;21228
3272;128.9268964724;21253
3273;107.3310446009;21253
3274;93.9769666382;21253
3275;113.3233940600;21248
3276;137.1722654984;21237
3277;117.2185100731;21237
3278;101.1457538142;21237
3279;119.4536385356;21239
3280;105.4357469459;21239
3281;109.2241685538;21241
3282;118.0203444060;21229
3283;92.2729025384;21229
3284;76.9754254301;21229
3285;81.6531145450;21234
3286;98.3383659204;21230
3287;86.9830275299;21230
3288;76.2601864868;21230
3289;91.9767627559;21230
3290;71.8217680536;21230
3291;83.4775539954;21231
3292;105.7736839404;21229
3293;92.1252991825;21229
3294;72.1222762074;21229
3295;86.9362913989;21223
3296;104.0064445743;21221
3297;88.7021788927;21221
3298;76.4987343592;21221
3299;87.9525181704;21221
3300;75.3401919737;21221
3301;64.4487158665;21221
3302;70.8932028361;21229
3303;64.5955508831;21229
3304;71.1906391095;21234
3305;78.3102810955;21240
3306;94.8479155070;21238
3307;81.4376141239;21238
3308;68.8696643438;21238
3309;75.2681895913;21237
3310;66.4477003547;21237
3311;54.1820719557;21237
3312;58.4134533905;21242
3313;63.8092633736;21254
3314;77.1490269561;21249
3315;98.8120041192;21244
3316;89.3691084023;21244
3317;100.8589238056;21249
3318;141.4735297588;21160
3319;170.3145676197;21159
3320;145.6189556725;21159
3321;123.1667983720;21159
3322;131.0613867763;21160
3323;157.9310787160;21155
3324;142.6041597622;21155
3325;133.0134252767;21155
3326;146.2736999359;21290
3327;182.1829853639;21287
3328;216.0274118149;21286
3329;179.0412124955;21286
3330;202.1495662778;21290
3331;260.0103272165;21278
3332;308.5501566610;21272
3333;263.0544397947;21272
3334;232.3319626452;21272
3335;199.2775466667;21272
3336;197.5869444126;21283
3337;174.0042263442;21283
3338;190.8795951233;21290
3339;152.0773852202;21290
3340;185.8530957636;21296
3341;225.4950890974;21288
3342;265.6604850925;21287
3343;239.4311551379;21287
3344;223.3133962964;21287
3345;181.1184647911;21287
3346;189.0705308474;21297
3347;157.7174707264;21297
3348;175.5404456429;21367
3349;150.0576034304;21367
3350;159.6953578377;21370
3351;195.6953717660;21362
3352;227.4267943585;21361
3353;193.8256506677;21361
3354;180.4647654567;21361
3355;157.7158239178;21361
3356;174.7190786839;21380
3357;150.5922629803;21380
3358;156.5805454033;21390
3359;126.1219067921;21390
3360;138.1948205034;21392
3361;156.1237543367;21383
3362;193.4448823455;21382
3363;169.1879792864;21382
3364;144.6757212057;21382
3365;123.7061640726;21382
3366;146.6523079109;21386
3367;160.4950082601;21389
3368;192.5270603502;21352
3369;164.6156707584;21352
3370;181.9099435709;21353
3371;204.3347135564;21352
3372;247.7354182198;21351
3373;223.3092901682;21351
3374;177.7593249018;21351
3375;152.1231818059;21351
3376;167.3882160845;21353
3377;198.2429363224;21351
3378;244.4478628041;21313
3379;197.5689236110;21313
3380;217.4831443339;21314
3381;258.7198426038;21313
3382;221.4946203725;21313
3383;186.0989195968;21313
3384;160.8532058954;21313
3385;147.6964014526;21313
3386;157.0293315070;21317
3387;174.0446822218;21319
3388;208.2296127860;21318
3389;191.8438406058;21318
3390;172.2169959495;21318
3391;189.1578147905;21330
3392;161.8398118883;21330
3393;138.4563158788;21330
3394;129.8551336345;21330
3395;106.0675728034;21330
3396;111.5795275872;21334
3397;146.5253627073;21330
3398;166.5502739812;21325
3399;155.1537388831;21325
3400;132.6604770806;21325
3401;145.9309666594;21344
3402;124.7759793429;21344
3403;138.2621387481;21349
3404;121.8851389255;21349
3405;102.8979324387;21349
3406;124.7169014632;21350
3407;131.2873694285;21354
3408;168.3540087072;21348
3409;144.8173982230;21348
3410;118.8804529814;21348
3411;130.7677429012;21354
3412;123.9039003699;21354
3413;146.5765440340;21349
3414;123.7249602492;21349
3415;96.2004134994;21349
3416;82.2049637497;21349
3417;97.8107544789;21343
3418;109.5640942451;21342
3419;118.7540978329;21343
3420;126.9880149071;21340
3421;154.9627788872;21316
3422;143.7987742089;21316
3423;119.1439037484;21316
3424;110.4164730549;21316
3425;102.3270234922;21316
3426;93.1384735810;21316
3427;80.0680578712;21316
3428;88.0357302829;21397
3429;109.2623596943;21395
3430;131.9204847771;21387
3431;161.3352137328;21372
3432;133.9928880516;21372
3433;117.4676457298;21372
3434;106.0162031583;21372
3435;86.5890346763;21372
3436;74.0386096828;21372
3437;81.1980335139;21378
3438;94.7068697280;21315
3439;80.9820707383;21315
3440;78.3020844337;21323
3441;82.1558281273;21334
3442;70.7444009352;21334
3443;75.5881378813;21338
3444;60.3139881035;21338
3445;70.5687318973;21343
3446;95.3565939623;21236
3447;114.7720715042;21232
3448;138.4787254096;21225
3449;118.4319240145;21225
3450;131.8838611725;21227
3451;158.3238722459;21223
3452;126.4955352566;21223
3453;156.6211494709;21221
3454;124.7888671934;21221
3455;144.5489170905;21219
3456;185.5963850030;21146
3457;159.0285966561;21146
3458;172.6080005774;21169
3459;147.5854167159;21169
3460;162.3414835128;21170
3461;205.7515030850;21166
3462;183.2949362392;21166
3463;159.9718539300;21166
3464;142.3757542242;21166
3465;156.6146289677;21168
3466;200.5152006735;21137
3467;191.3232308074;21137
3468;209.4978889766;21172
3469;176.6092456529;21172
3470;151.4306828731;21172
3471;166.9681475887;21182
3472;142.5817074265;21182
3473;126.1109076941;21182
3474;107.2797696531;21182
3475;129.0306002896;21179
3476;154.8739838687;21169
3477;132.2392377163;21169
3478;144.3208365301;21190
3479;123.3949844778;21190
3480;105.5027036708;21190
3481;115.3558653559;21197
3482;100.9170896446;21197
3483;113.6323401986;21199
3484;95.3991984704;21199
3485;105.1307539949;21202
3486;117.1895972005;21185
3487;109.9807759390;21185
3488;119.3220603746;21186
3489;101.4970081785;21186
3490;86.7950041283;21186
3491;94.1336742088;21190
3492;80.5894687065;21190
3493;84.7111521364;21188
3494;75.2817723662;21188
3495;88.0152490709;21184
3496;108.6366312666;21177
3497;92.3948375537;21177
3498;78.9902760598;21177
3499;82.9675076612;21183
3500;104.8663166156;21176
3501;134.4405860007;21163
3502;114.5381202391;21163
3503;134.6871862993;21163
3504;108.4841708170;21163
3505;100.4059177467;21163
3506;110.2677256899;21261
3507;94.8901780425;21261
3508;81.0633910054;21261
3509;91.1097197080;21255
3510;103.2414939303;21248
3511;124.8033350795;21239
3512;103.0279001543;21239
3513;120.8162165534;21239
3514;102.5535194754;21239
3515;87.3072472671;21239
3516;96.0577789611;21309
3517;105.6575794601;21313
3518;135.6964269006;21223
3519;116.4790584311;21223
3520;128.1313182381;21230
3521;151.8904908454;21227
3522;145.1989893098;21227
3523;180.0601604445;21226
3524;145.1361529307;21226
3525;124.1866315378;21226
3526;137.8496995431;21279
3527;164.6987763522;21276
3528;190.6111169482;21266
3529;161.5048074911;21266
3530;174.6110477206;21270
3531;145.1266037814;21270
3532;159.6402967643;21279
3533;136.3169167433;21279
3534;116.5223198144;21279
3535;88.2631690417;21279
3536;96.6538183609;21297
3537;105.1654125316;21300
3538;125.8523684379;21277
3539;107.5086683921;21277
3540;118.2602354675;21278
3541;140.8422374483;21277
3542;187.3633327691;21269
3543;160.1539598832;21269
3544;147.4133086263;21269
3545;133.4056247013;21269
3546;150.8430114454;21272
3547;198.9917490233;21270
3548;239.4278444995;21269
3549;179.9095191760;21269
3550;197.7179032673;21270
3551;167.6411856438;21270
3552;184.4120597288;21275
3553;156.7306784905;21275
3554;129.0883888173;21275
3555;110.1278548089;21275
3556;122.5844636781;21277
3557;139.1428750534;21279
3558;113.7681932731;21279
3559;96.6493983600;21279
3560;106.2960104546;21280
3561;90.8044329735;21280
3562;100.1828446341;21283
3563;105.2759818357;21285
3564;78.9739338517;21285
3565;85.8891622381;21289
3566;114.4391957809;21093
3567;153.9497114726;21091
3568;116.4463243408;21091
3569;100.3429043437;21091
3570;82.7105317209;21091
3571;91.0362190038;21103
3572;110.0654604792;21093
3573;134.1968625985;21092
3574;114.9790758454;21092
3575;121.9754937528;21089
3576;135.5769074855;21047
3577;117.5283039660;21047
3578;134.1773190566;21085
3579;113.6317459849;21085
3580;97.1254381264;21085
3581;106.3777733399;21095
3582;127.8551074320;21093
3583;96.9459846481;21093
3584;79.5726249567;21093
3585;86.6808824207;21096
3586;98.9669643667;21081
3587;109.3460569622;21083
3588;132.4565447938;21071
3589;112.2459742587;21071
3590;95.9201642124;21071
3591;104.8416177291;21083
3592;125.9390367847;21082
3593;107.6778764509;21082
3594;92.6565836766;21082
3595;111.3046936001;21080
3596;129.5305097632;21071
3597;164.3383534016;21069
3598;203.8602820881;21062
3599;159.0622631850;21062
3600;136.1522012654;21062
3601;134.7429635565;21065
3602;132.0999585922;21076
3603;114.0433035346;21076
3604;97.8567896660;21076
3605;98.6212163657;21078
3606;118.6258340763;21075
3607;132.8848789205;21077
3608;159.8712760463;21073
3609;137.4327750860;21073
3610;116.6137671940;21073
3611;124.2730657050;21077
3612;150.5602936646;21072
3613;127.0811531613;21072
3614;109.1885074677;21072
3615;136.2338885365;21070
3616;154.7123440901;21068
3617;168.6054335313;21067
3618;203.8352429482;21066
3619;166.4053860568;21066
3620;142.2573610777;21066
3621;151.6619766966;21067
3622;182.2773002136;21065
3623;162.2049038818;21065
3624;138.6847882636;21065
3625;115.3666227117;21065
3626;126.9387975981;21252
3627;126.1925187963;21253
3628;138.8117722911;21254
3629;115.8284857064;21254
3630;98.6831530878;21254
3631;106.5361953366;21255
3632;129.0794200721;21251
3633;110.3634202082;21251
3634;102.5244747860;21251
3635;112.7274597623;21253
3636;155.6072728664;21123
3637;186.8662811723;21122
3638;225.7223541055;21118
3639;176.9269366390;21118
3640;149.7093661431;21118
3641;129.0935133950;21118
3642;150.3745398079;21121
3643;128.3186047957;21121
3644;103.7469743921;21121
3645;132.9805583220;21119
3646;163.3083031923;21089
3647;179.6539071318;21090
3648;215.7005161030;21089
3649;183.5150779330;21089
3650;156.9056828894;21089
3651;134.1559314419;21089
3652;147.6245618591;21090
3653;127.4017671833;21090
3654;106.9435972312;21090
3655;114.7857288023;21092
3656;124.6177241290;21081
3657;151.5368577973;21080
3658;182.0009960394;21078
3659;154.6824726683;21078
3660;134.5426086124;21078
3661;108.5061741847;21078
3662;111.9722594864;21082
3663;95.9779080649;21082
3664;81.4831490277;21082
3665;92.5476891870;21079
3666;111.8576376437;21069
3667;133.6136389461;21070
3668;140.6748655778;21069
3669;119.9832432206;21069
3670;101.9970241239;21069
3671;86.8622571626;21069
3672;95.2601761026;21073
3673;111.7470214574;21074
3674;96.7764867648;21074
3675;118.6775591166;21077
3676;142.8627567194;21073
3677;171.7041462988;21072
3678;146.3922643586;21072
3679;125.6812787342;21072
3680;105.7186768523;21072
3681;87.9475782350;21072
3682;96.7017256222;21073
3683;116.2566518661;21072
3684;90.0410772891;21072
3685;112.7997957223;21069
3686;126.1728875030;21068
3687;137.6959685467;21069
3688;117.5142267251;21069
3689;97.2679053124;21069
3690;87.4137609497;21069
3691;69.9722079754;21069
3692;76.6240803597;21070
3693;86.0500733247;21072
3694;72.8830189983;21072
3695;76.5186116742;21075
3696;91.9842123458;21072
3697;118.9741317102;21070
3698;140.6736133417;21069
3699;128.6304391793;21069
3700;109.9789665083;21069
3701;96.9553448926;21069
3702;95.0136050754;21070
3703;110.4896807327;21069
3704;94.4102739380;21069
3705;116.7924529635;21067
3706;124.0293640161;21066
3707;98.7810861612;21066
3708;108.6590268593;21153
3709;92.0581891298;21153
3710;82.1147193441;21153
3711;72.3260394896;21153
3712;61.5901873025;21153
3713;70.8918520901;21153
3714;61.7094738676;21153
3715;69.6913648333;21154
3716;63.0866062500;21154
3717;69.1980957687;21157
3718;80.8899632686;21086
3719;84.2042739540;21092
3720;100.5026684174;21091
3721;127.4150546342;21069
3722;149.4409570329;21058
3723;188.5794146823;21057
3724;161.3151821103;21057
3725;135.1345087547;21057
3726;154.3703086192;21172
3727;200.6047303198;21171
3728;215.0097220759;21163
3729;238.1649345136;21162
3730;317.6995777611;21151
3731;376.6935871457;21147
3732;481.2856601098;21146
3733;384.1893244802;21146
3734;296.0059707515;21146
3735;252.0569460134;21146
3736;296.1538448580;21268
3737;255.0959024314;21268
3738;276.8494480309;21344
3739;254.2196728773;21344
3740;289.0292369726;21353
3741;374.0529038818;21352
3742;287.9488069995;21352
3743;241.0554221418;21352
3744;196.1201168621;21352
3745;168.7656127381;21352
3746;179.7250983226;21365
3747;147.4708533748;21365
3748;168.3950667316;21370
3749;190.0528324515;21370
3750;210.8465435245;21367
3751;264.4129021658;21365
3752;223.8574997268;21365
3753;199.2665765120;21365
3754;171.8285261431;21365
3755;162.1658430859;21365
3756;193.7366466043;21368
3757;165.6703356220;21368
3758;181.1854222937;21380
3759;205.8430672462;21379
3760;245.5716418512;21370
3761;206.2913406808;21370
3762;230.8986335380;21375
3763;218.2040058896;21375
3764;189.9240370084;21375
3765;176.5977333951;21375
3766;188.6657881032;21388
3767;159.2019806451;21388
3768;175.1911866071;21391
3769;175.7476743861;21392
3770;220.1734187240;21391
3771;170.1261458190;21391
3772;178.0825301598;21394
3773;163.8688168834;21394
3774;137.9466599842;21394
3775;119.8842130896;21394
3776;131.8726298669;21397
3777;132.2103406121;21398
3778;164.9602773761;21307
3779;193.6064587152;21307
3780;165.5342096399;21307
3781;187.4231444284;21326
3782;199.1935777794;21323
3783;170.1090885589;21323
3784;146.0091653420;21323
3785;125.1786262856;21323
3786;149.1691992906;21325
3787;180.5523294716;21324
3788;219.3034235043;21308
3789;190.8797718778;21308
3790;211.3844625882;21318
3791;255.3492286490;21309
3792;332.4143695343;21308
3793;280.2165825210;21308
3794;243.2254910139;21308
3795;207.9578429755;21308
3796;178.4628984517;21308
3797;158.9851081950;21308
3798;175.3558428150;21408
3799;193.6243736615;21409
3800;233.5821570726;21402
3801;281.0591393717;21398
3802;337.5336541115;21397
3803;274.5127898030;21397
3804;235.6086032374;21397
3805;201.1451793574;21397
3806;176.1240441897;21397
3807;148.3650290025;21397
3808;162.7109165851;21410
3809;193.9654187739;21408
3810;234.6501854605;21406
3811;281.7921381151;21405
3812;338.3006906124;21404
3813;295.2406693894;21404
3814;262.7628500791;21404
3815;214.3657818871;21404
3816;178.2849650970;21404
3817;152.4336804227;21404
3818;166.6340833215;21405
3819;202.2670760067;21406
3820;242.8113959381;21405
3821;207.7707936882;21405
3822;235.3089410000;21407
3823;206.9487237107;21407
3824;176.3287131882;21407
3825;151.0507659275;21407
3826;136.5988381787;21407
3827;157.8944208792;21408
3828;201.1003064724;21326
3829;244.2416250046;21325
3830;210.8392395066;21325
3831;231.8989102821;21343
3832;278.4991506552;21342
3833;229.2482044691;21342
3834;196.0099404217;21342
3835;173.3763614942;21342
3836;162.9943172401;21342
3837;139.2365327557;21342
3838;142.6888825213;21418
3839;137.9048666437;21420
3840;163.9593837597;21431
3841;191.1123010307;21416
3842;229.5478468466;21415
3843;198.0163627095;21415
3844;174.9999670071;21415
3845;149.0194798677;21415
3846;127.7280761124;21415
3847;153.3363242786;21414
3848;199.2208710173;21304
3849;244.7394899266;21303
3850;289.8387061280;21300
3851;348.6218745552;21297
3852;301.2245300338;21297
3853;254.8316204986;21297
3854;213.6177810289;21297
3855;183.7876245169;21297
3856;163.6230150121;21297
3857;143.4284349487;21297
3858;157.7745395615;21369
3859;173.3324118435;21370
3860;226.3142646272;21366
3861;271.7084011449;21365
3862;239.2229734235;21365
3863;204.4847177823;21365
3864;180.3793175431;21365
3865;139.8716234541;21365
3866;122.6767919797;21365
3867;143.1068656619;21366
3868;172.8230721743;21265
3869;215.1220826649;21264
3870;201.0660751819;21264
3871;232.6734641504;21269
3872;193.5655186903;21269
3873;160.6706448453;21269
3874;137.3780523240;21269
3875;127.5669869490;21269
3876;113.3172333828;21269
3877;135.9358355348;21268
3878;184.2898151491;21250
3879;202.7518117605;21251
3880;255.2466431265;21250
3881;307.1056936386;21247
3882;288.3261209248;21247
3883;246.2380111012;21247
3884;212.6025221609;21247
3885;177.2406183331;21247
3886;150.8225612631;21247
3887;124.9311503472;21247
3888;136.7387527059;21305
3889;164.9088920709;21303
3890;143.8929535748;21303
3891;167.9871637791;21316
3892;201.6442000101;21315
3893;171.2426307390;21315
3894;153.7941583761;21315
3895;131.3824100479;21315
3896;114.7763155362;21315
3897;126.6978495862;21316
3898;157.4090447410;21253
3899;174.6148000364;21254
3900;149.2685853146;21254
3901;160.1750987000;21259
3902;147.4011039852;21259
3903;157.1010912311;21260
3904;134.3410161877;21260
3905;114.7642672948;21260
3906;99.0050311778;21260
3907;116.2991207817;21259
3908;139.8986276419;21257
3909;147.0940742860;21257
3910;125.7655249629;21257
3911;140.3131371461;21260
3912;115.8879248204;21260
3913;137.1097738893;21259
3914;112.8711771741;21259
3915;119.8713569017;21259
3916;169.0293270935;21156
3917;137.2175950324;21156
3918;154.0081634773;21239
3919;163.7820037311;21240
3920;150.4129349321;21240
3921;156.8985270548;21241
3922;134.4118384886;21241
3923;115.4660864030;21241
3924;94.6204110673;21241
3925;110.1609702523;21241
3926;167.4305357882;20995
3927;143.4249572743;20995
3928;142.6086451802;21088
3929;154.7978734408;21086
3930;133.5454267721;21086
3931;154.7471747939;21087
3932;132.7704282954;21087
3933;112.6809853622;21087
3934;97.6638912499;21087
3935;106.9703977724;21087
3936;146.6095381792;21030
3937;125.3237571632;21030
3938;137.4975019920;21031
3939;151.9054109202;21033
3940;143.5638853561;21033
3941;136.9051088863;21033
3942;150.6666385882;21034
3943;136.7654960772;21034
3944;117.1890271195;21034
3945;128.6484655909;21034
3946;155.7521107491;20996
3947;147.5110364144;20996
3948;126.6766025310;20996
3949;152.5438942342;20994
3950;145.6283516148;20994
3951;124.4920987442;20994
3952;138.4439672413;20995
3953;118.3729217763;20995
3954;99.4656031139;20995
3955;115.4959161369;20995
3956;139.3582035540;20989
3957;106.6751691078;20989
3958;91.2072724887;20989
3959;92.5510820341;20990
3960;76.9770065848;20990
3961;62.9344825476;20990
3962;69.2086947833;20994
3963;76.2211269841;20997
3964;57.8777941549;20997
3965;62.3601107007;20996
3966;75.1871556859;20990
3967;83.1659532043;20991
3968;118.1253270291;20703
3969;133.7800294332;20704
3970;114.3323789421;20704
3971;95.4022556466;20704
3972;113.0757950008;20707
3973;135.8740621814;20705
3974;117.9951124877;20705
3975;142.2303541892;20706
3976;161.5682925823;20705
3977;140.3122276234;20705
3978;153.6895360529;20783
3979;180.7913832170;20782
3980;154.5881169169;20782
3981;137.8266315423;20782
3982;152.9647336828;20783
3983;130.4866598507;20783
3984;114.7379390422;20783
3985;149.6897787206;20782
3986;122.9503750378;20782
3987;153.3446844157;20781
3988;191.5385753289;20723
3989;156.5122388393;20723
3990;168.7702427177;20728
3991;204.5426640267;20722
3992;253.1049490162;20720
3993;216.4146456056;20720
3994;174.4824888596;20720
3995;152.9477154211;20720
3996;166.0523607631;20962
3997;145.3900607939;20962
3998;153.7084202793;21227
3999;174.5139287864;21228
4000;217.1944367848;21225
4001;261.2275795017;21219
4002;281.2615465460;21218
4003;218.1911218316;21218
4004;173.0836000218;21218
4005;138.4957128547;21218
4006;152.2647043429;21353
4007;130.2070478452;21353
4008;145.9746158234;21354
4009;175.1388714437;21353
4010;210.1906809680;21352
4011;251.1783325029;21349
4012;268.0921358291;21348
4013;225.8092564617;21348
4014;193.0584154917;21348
4015;164.9103703029;21348
4016;181.3048103911;21388
4017;147.3827765491;21388
4018;162.1238607994;21389
4019;192.4152771106;21390
4020;154.3192211477;21390
4021;162.4359904873;21399
4022;138.8565521475;21399
4023;130.7336818886;21399
4024;111.3311306150;21399
4025;122.2856553168;21400
4026;177.0723648568;21103
4027;151.5299413566;21103
4028;166.3752355657;21104
4029;221.5407970199;21103
4030;199.3243158773;21103
4031;228.5534490072;21107
4032;195.4133742016;21107
4033;167.9494792319;21107
4034;136.2014747434;21107
4035;164.8434041001;21106
4036;202.4958174033;21046
4037;162.4394797949;21046
4038;138.9360668087;21046
4039;142.0825603749;21047
4040;121.5247450697;21047
4041;140.3618610967;21048
4042;120.0244779200;21048
4043;102.6218362106;21048
4044;78.0984265052;21048
4045;84.1205294379;21049
4046;113.1588006901;20929
4047;113.9168431448;20930
4048;156.3862166607;20584
4049;187.8155093225;20583
4050;145.9981840447;20583
4051;161.2181281737;20584
4052;136.4710467690;20584
4053;116.6705973311;20584
4054;99.6524822327;20584
4055;116.5346435281;20583
4056;139.8933824990;20555
4057;119.8032249548;20555
4058;140.6525824340;20596
4059;153.6685089781;20597
4060;131.4382368386;20597
4061;114.2656132841;20597
4062;120.6710703671;20600
4063;101.9997201551;20600
4064;79.9853934440;20600
4065;88.4844331733;20601
4066;97.1206303319;20576
4067;119.8313957104;20575
4068;143.1431764400;20548
4069;171.9110757959;20547
4070;132.9860651258;20547
4071;118.8513022257;20547
4072;130.7115635739;20548
4073;123.1974903551;20548
4074;106.8595367542;20548
4075;128.3200919663;20547
4076;154.2152210045;20545
4077;131.8955029115;20545
4078;144.9453697319;20596
4079;159.4442142495;20597
4080;136.9675746462;20597
4081;117.0970636914;20597
4082;131.3887196822;20598
4083;102.7094652487;20598
4084;87.0983841878;20598
4085;100.9108332178;20599
4086;122.7180621776;20597
4087;102.5924354366;20597
4088;113.1792305989;20734
4089;136.2747020560;20733
4090;116.5014081706;20733
4091;111.6839386477;20733
4092;83.6944813559;20733
4093;91.9664810440;20735
4094;78.2412018684;20735
4095;102.0738226580;20734
4096;115.2006894506;20732
4097;99.5189838601;20732
4098;110.4285947978;20748
4099;121.4742584571;20749
4100;103.5696690577;20749
4101;88.3240039091;20749
4102;75.9357122511;20749
4103;91.6090711883;20747
4104;78.6193762133;20747
4105;85.9341935685;20748
4106;97.6110215058;20747
4107;102.3559283914;20748
4108;139.6907968947;20554
4109;167.7461043005;20553
4110;143.3705354234;20553
4111;124.4539053278;20553
4112;106.5006225749;20553
4113;87.4115155026;20553
4114;74.4752715322;20553
4115;89.6022425640;20552
4116;67.7937481306;20552
4117;81.7756374049;20551
4118;100.3704952568;20491
4119;112.9737887888;20491
4120;96.5977829098;20491
4121;86.4149680215;20491
4122;73.0303990604;20491
4123;74.8030859763;20493
4124;60.5809941882;20493
4125;60.7955588750;20495
4126;51.3258706583;20495
4127;56.7312776539;20499
4128;70.4680079402;20484
4129;82.2879010877;20483
4130;89.5667498411;20482
4131;109.9233268155;20453
4132;133.5483529661;20452
4133;149.6819685735;20451
4134;127.9205537638;20451
4135;153.5525584835;20450
4136;131.6553837218;20450
4137;170.2697564163;20449
4138;205.8216155277;20440
4139;176.2309423628;20440
4140;190.3971582297;20448
4141;227.1672158047;20447
4142;282.7278316464;20446
4143;269.1045820312;20446
4144;214.2179368574;20446
4145;165.0665424428;20446
4146;181.5478798372;20793
4147;152.6000143714;20793
4148;167.8779898775;20941
4149;144.0116484345;20941
4150;147.7486116537;20943
4151;177.8162966321;20939
4152;209.4285256265;20938
4153;194.3054326650;20938
4154;166.3659902661;20938
4155;145.7385158074;20938
4156;160.1678419997;20960
4157;130.2013322098;20960
4158;133.5500912044;21190
4159;124.0252036253;21190
4160;123.3428135938;21191
4161;136.3263906544;21200
4162;117.3580380310;21200
4163;128.9603935748;21201
4164;110.2610330286;21201
4165;121.0193465513;21202
4166;176.5036689760;20939
4167;159.0105187149;20939
4168;175.4765356749;20960
4169;149.1587901662;20960
4170;164.1940951370;20961
4171;188.1693324812;20958
4172;160.8962069078;20958
4173;134.2592593085;20958
4174;101.3039366089;20958
4175;125.2411577976;20957
4176;158.9289751524;20882
4177;139.9873177099;20882
4178;153.6163346875;20884
4179;133.3300707429;20884
4180;129.7679422816;20885
4181;142.7901523048;20891
4182;122.0888835851;20891
4183;147.7304409108;20890
4184;126.2615342779;20890
4185;107.2965752930;20890
4186;117.6416458877;21222
4187;135.2793188712;21222
4188;181.8592832487;21058
4189;157.0539009187;21058
4190;124.7996458610;21058
4191;125.3506266005;21072
4192;105.3374741139;21072
4193;115.9017046418;21073
4194;98.9313623634;21073
4195;105.2548436491;21074
4196;142.1401334220;20905
4197;139.1282542120;20906
4198;161.7196255474;20947
4199;135.7981042065;20947
4200;116.1291391267;20947
4201;123.3200910474;20951
4202;111.2730953415;20951
4203;132.1454239712;20950
4204;115.0013262371;20950
4205;141.5279933022;20949
4206;165.6064584562;20905
4207;191.6074675435;20904
4208;245.7940455882;20854
4209;210.7055157965;20854
4210;179.4768771327;20854
4211;177.6400152006;20857
4212;200.6736389716;20858
4213;171.5759576483;20858
4214;150.1735173923;20858
4215;115.0212229537;20858
4216;126.6673366259;21055
4217;132.9504617447;21056
4218;171.4176496513;21020
4219;147.2374955502;21020
4220;124.4005975210;21020
4221;153.6523588103;21021
4222;185.4391894789;21020
4223;171.9933936195;21020
4224;130.0548413999;21020
4225;133.4398293353;21021
4226;207.3397162536;20751
4227;244.5719759474;20750
4228;280.2231448108;20709
4229;244.3877183536;20709
4230;229.2791964947;20709
4231;200.3471028154;20709
4232;207.2521778081;20711
4233;170.8968045838;20711
4234;137.4691440285;20711
4235;117.8604466351;20711
4236;123.6001862347;21131
4237;131.0149445478;21132
4238;152.8279263189;21104
4239;116.2641189370;21104
4240;103.5277608683;21104
4241;88.5101418776;21104
4242;96.2317328795;21105
4243;106.1988798566;21106
4244;88.1006792553;21106
4245;105.8419281497;21105
4246;157.5437761600;20759
4247;130.4387785655;20759
4248;145.6382306487;20794
4249;124.5326500308;20794
4250;117.2423248006;20794
4251;100.1053416892;20794
4252;87.4957302394;20794
4253;105.0838706181;20793
4254;89.8392175500;20793
4255;96.7636769316;20794
4256;132.6335259186;20622
4257;159.2239273583;20621
4258;195.4300744644;20597
4259;167.0474924572;20597
4260;142.8289163141;20597
4261;122.1136737893;20597
4262;92.2253145050;20597
4263;70.7920803636;20597
4264;59.9409895400;20597
4265;72.1871714349;20595
4266;104.5945055707;20461
4267;126.0197150696;20462
4268;159.4135106506;20393
4269;144.3238742655;20393
4270;124.6945328956;20393
4271;98.5420865032;20393
4272;83.4881445966;20393
4273;91.6589698041;20394
4274;78.3681187519;20394
4275;67.0004587857;20394
4276;71.1971104097;20777
4277;79.9172780696;20777
4278;95.9538673012;20769
4279;79.0928022309;20769
4280;73.8248175488;20769
4281;58.9672781607;20769
4282;50.0008501818;20769
4283;59.0564982881;20767
4284;69.8249924429;20771
4285;76.5668145880;20773
4286;100.8764520374;20641
4287;128.4632823934;20640
4288;163.8591409637;20627
4289;144.0375091985;20627
4290;123.0953824728;20627
4291;105.8856123893;20627
4292;94.8591530471;20627
4293;81.1114013223;20627
4294;97.5832460304;20624
4295;124.0579188336;20623
4296;159.4397196097;20546
4297;137.8641166774;20546
4298;151.6504851385;20820
4299;130.0857311785;20820
4300;111.2240433764;20820
4301;94.5444419587;20820
4302;81.4116908075;20820
4303;66.3977004655;20820
4304;72.3101968517;20824
4305;74.9658503309;20825
4306;83.5042747233;20788
4307;84.7356004671;20789
4308;125.9727720668;20546
4309;118.7544324569;20546
4310;107.3680143826;20546
4311;91.9150532105;20546
4312;79.8835411611;20546
4313;68.2925718494;20546
4314;80.7508005481;20542
4315;97.4411863396;20541
4316;128.7481016878;20508
4317;109.6123816581;20508
4318;108.2478626627;20638
4319;92.5452606134;20638
4320;79.2066999296;20638
4321;68.1866049179;20638
4322;57.9851877070;20638
4323;45.6562046951;20638
4324;49.6496115407;20641
4325;57.1621817256;20641
4326;71.8573466078;20582
4327;78.5084651535;20582
4328;107.9132258258;20354
4329;92.2042207189;20354
4330;71.5627194728;20354
4331;66.8411835363;20354
4332;57.0904624534;20354
4333;48.7029875663;20354
4334;57.7071053979;20352
4335;60.0768259081;20353
4336;72.3010362136;20350
4337;83.1970646574;20350
4338;123.9212383752;20177
4339;105.9399635260;20177
4340;90.8494099389;20177
4341;77.7205956540;20177
4342;58.6529662360;20177
4343;50.2731432876;20177
4344;58.3013462745;20179
4345;61.6530238526;20178
4346;66.7369166814;20172
4347;76.3771213827;20172
4348;86.2962832099;20166
4349;73.7602725280;20166
4350;60.9615377733;20166
4351;54.2705857954;20166
4352;47.8716733142;20166
4353;56.1102493296;20168
4354;64.0782019728;20166
4355;72.2312115446;20167
4356;86.8078587393;20166
4357;111.3940301995;20165
4358;121.9585254437;20163
4359;104.2876095983;20163
4360;89.2063460944;20163
4361;75.5784187125;20163
4362;71.4679118322;20163
4363;75.5626106745;20162
4364;91.0213859369;20161
4365;109.5685131511;20160
4366;84.7753460946;20160
4367;91.1954765530;20161
4368;101.5739652318;20161
4369;87.1228465033;20161
4370;74.9428022809;20161
4371;63.1553422287;20161
4372;53.9160833699;20161
4373;59.0652397928;20162
4374;65.3118263557;20166
4375;76.6339690643;20167
4376;92.8386084030;20166
4377;109.9927548378;20165
4378;96.4640003124;20165
4379;78.8891374708;20165
4380;67.0100674930;20165
4381;57.3613580074;20165
4382;52.8155518097;20165
4383;64.2454933753;20164
4384;77.3049746474;20161
4385;94.0833711382;20160
4386;70.7487191663;20160
4387;84.3733736750;20162
4388;101.4484951788;20161
4389;79.2372779696;20161
4390;66.9362190933;20161
4391;57.2178440574;20161
4392;48.5463101968;20161
4393;53.3961271507;20162
4394;60.5477653828;20165
4395;66.7883050930;20166
4396;57.0954974476;20166
4397;68.0357911779;20164
4398;78.3784975489;20164
4399;75.9843435500;20166
4400;64.9687321559;20166
4401;55.4056583333;20166
4402;47.3718584083;20166
4403;56.2296510981;20164
4404;70.4295337549;20161
4405;85.0234871873;20160
4406;66.9696090324;20160
4407;52.5961179863;20160
4408;58.9597794629;20163
4409;78.8083411104;20160
4410;95.4419777131;20154
4411;117.9852909310;20137
4412;149.0770634599;20134
4413;127.6436938444;20134
4414;112.3997165060;20134
4415;96.0279918480;20134
4416;99.6732746665;20534
4417;84.1972433686;20534
4418;100.0964155297;20997
4419;87.4470897927;20997
4420;90.8942097191;20999
4421;113.7710640503;20990
4422;149.6314999366;20989
4423;127.9733789728;20989
4424;107.3466786357;20989
4425;93.4750303221;20989
4426;92.4329930993;21195
4427;81.4481240571;21195
4428;82.3134552755;21305
4429;70.3739812398;21305
4430;77.0817216958;21306
4431;93.3739737502;21294
4432;116.4540596840;21293
4433;111.9043956109;21293
4434;97.4549275422;21293
4435;86.8652154565;21293
4436;97.3171761206;21343
4437;79.8111994028;21343
4438;87.4038078101;21376
4439;74.6058062990;21376
4440;87.8709654549;21378
4441;105.8774200070;21373
4442;90.9314751581;21373
4443;79.0304299875;21373
4444;68.4895751842;21373
4445;80.2792519434;21374
4446;119.3468983546;21025
4447;101.9066974654;21025
4448;101.0882747606;21026
4449;86.3212838239;21026
4450;94.7018951020;21027
4451;100.3481113539;21024
4452;87.9599824209;21024
4453;74.7864502230;21024
4454;64.5824681039;21024
4455;77.2479081199;21023
4456;121.6094938683;20753
4457;103.9700943404;20753
4458;115.7345626528;20754
4459;98.9864897923;20754
4460;84.5441139306;20754
4461;93.0544193311;20764
4462;79.4647886791;20764
4463;67.3791072363;20764
4464;59.2516933513;20764
4465;70.0884905972;20765
4466;101.3815557933;20605
4467;88.0126073954;20605
4468;97.0283487422;20607
4469;82.9624331531;20607
4470;70.8078585724;20607
4471;78.8607626947;20627
4472;67.3370692581;20627
4473;52.8956195820;20627
4474;58.2235908427;20630
4475;74.8785660967;20629
4476;86.8740819622;20624
4477;74.2784707351;20624
4478;78.6006640558;20625
4479;66.9098123112;20625
4480;55.5440355019;20625
4481;61.3375572969;20631
4482;47.3397941522;20631
4483;50.3652603433;20633
4484;60.4399861603;20630
4485;60.0805087656;20631
4486;66.0927067833;21054
4487;54.5520538159;21054
4488;60.0063772053;21056
4489;68.0163760396;21059
4490;81.1410133845;21055
4491;98.7551563055;21038
4492;84.4356348609;21038
4493;101.3883347582;21037
4494;89.9488299988;21037
4495;76.9069411485;21037
4496;89.7948054883;21182
4497;76.8986056636;21182
4498;92.3939481562;21181
4499;111.0488834495;21180
4500;134.1944865482;21168
4501;161.5402071120;21164
4502;139.3492597122;21164
4503;120.5012811727;21164
4504;103.0699194251;21164
4505;88.1231916672;21164
4506;91.6087733246;21198
4507;78.3453216575;21198
4508;86.1679287173;21199
4509;94.7830261660;21200
4510;114.3472537508;21199
4511;136.0198208071;21192
4512;116.2968211621;21192
4513;102.4143077464;21192
4514;86.4116008094;21192
4515;76.1135613374;21192
4516;83.8838852108;21234
4517;74.2506293581;21234
4518;89.9787348185;21233
4519;108.0566798488;21232
4520;144.2975910614;21231
4521;176.8578118444;21230
4522;151.2979896219;21230
4523;129.3800818219;21230
4524;111.8054308194;21230
4525;98.2433274446;21230
4526;102.5685801521;21377
4527;87.4644991693;21377
4528;80.9010804277;21377
4529;89.7562115613;21378
4530;112.3237712380;21376
4531;91.7012289971;21376
4532;108.8003927383;21378
4533;93.1256603566;21378
4534;70.1080418040;21378
4535;61.6007192994;21378
4536;75.5179813741;21399
4537;64.0545235973;21399
4538;70.7536861120;21400
4539;84.4036960733;21397
4540;101.3628063733;21396
4541;92.4664051217;21396
4542;101.9886723977;21397
4543;82.0907137132;21397
4544;70.4292797709;21397
4545;60.2163419406;21397
4546;65.9707260734;21400
4547;56.0840331126;21400
4548;70.5217992048;21399
4549;69.9745922079;21402
4550;71.9979924697;21403
4551;58.4250933999;21403
4552;62.1995035752;21404
4553;73.3767002105;21405
4554;62.2491530549;21405
4555;77.4076220802;21404
4556;114.2417293236;21071
4557;91.6299855288;21071
4558;77.6292481101;21071
4559;85.2395339540;21068
4560;108.1533348387;21067
4561;92.8792457455;21067
4562;102.5628378016;21068
4563;88.0244773288;21068
4564;75.2607822419;21068
4565;84.0123616242;21069
4566;115.4013163195;20913
4567;98.3997043802;20913
4568;83.2299844184;20913
4569;85.9765794889;20915
4570;73.4317962628;20915
4571;80.8872148622;20930
4572;91.0761667106;20929
4573;74.9854620546;20929
4574;65.3206466335;20929
4575;78.4610922337;20928
4576;102.9749614767;20764
4577;88.0435649698;20764
4578;75.3889556201;20764
4579;90.0090712279;20763
4580;77.3684739345;20763
4581;85.8253589067;20768
4582;102.8220832252;20767
4583;87.9123439018;20767
4584;70.2697023220;20767
4585;77.2199148853;20768
4586;106.9420065953;20710
4587;92.9498651871;20710
4588;80.7211881450;20710
4589;79.1064118888;20712
4590;85.6083145768;20721
4591;113.0198489398;20712
4592;139.0595303295;20711
4593;119.5761420826;20711
4594;112.6371868782;20711
4595;108.1434401064;20711
4596;111.4603303977;21094
4597;95.0170118715;21094
4598;81.8346326192;21094
4599;90.9185316893;21092
4600;108.1206754584;21089
4601;137.5566412892;21085
4602;164.2460933480;21084
4603;132.5608309968;21084
4604;112.2486518480;21084
4605;95.8890727826;21084
4606;105.4212115530;21178
4607;88.7632261461;21178
4608;75.7759931548;21178
4609;79.6865825878;21179
4610;91.3477030614;21175
4611;110.0373258081;21172
4612;91.8707355222;21172
4613;78.4636563080;21172
4614;70.1455597920;21172
4615;82.9695412844;21171
4616;123.7716851117;20789
4617;99.2934204988;20789
4618;91.1701936265;20789
4619;118.3170566283;20788
4620;128.0567447797;20787
4621;109.7266979651;20787
4622;120.6966462432;20790
4623;105.0316683636;20790
4624;84.9237583253;20790
4625;93.0075560034;20791
4626;118.5243591671;20712
4627;101.1982503421;20712
4628;86.5245046699;20712
4629;90.1110259946;20713
4630;76.0418636204;20713
4631;83.6452449880;20725
4632;105.9181821475;20722
4633;89.4849637207;20722
4634;76.5802613982;20722
4635;91.9303763943;20721
4636;117.5759729192;20647
4637;96.1508673828;20647
4638;86.4608265243;20647
4639;114.8086611384;20646
4640;99.4204841911;20646
4641;104.2496912738;20655
4642;124.6729969035;20654
4643;106.1972198287;20654
4644;90.7986228579;20654
4645;99.8702563822;20655
4646;128.5552236885;20592
4647;117.4088571210;20592
4648;99.4815002122;20592
4649;109.4088014875;20593
4650;96.5813071255;20593
4651;98.6119652292;20598
4652;92.7942794662;20598
4653;79.2874022915;20598
4654;65.8218695136;20598
4655;84.3454548321;20597
4656;102.9179089980;20576
4657;88.9280082917;20576
4658;76.0336900318;20576
4659;88.8320241745;20575
4660;74.8096662612;20575
4661;89.2475166559;20582
4662;76.2295702296;20582
4663;69.6219340395;20582
4664;62.0352907943;20582
4665;68.1745797928;20583
4666;82.3705708523;20580
4667;74.8996495798;20580
4668;64.1840194548;20580
4669;73.2048776729;20581
4670;62.2214935457;20581
4671;73.8305309628;20583
4672;61.9265166078;20583
4673;74.6120382080;20582
4674;56.0008523892;20582
4675;75.5419403017;20581
4676;88.7342682050;20578
4677;74.9539447682;20578
4678;69.5549068012;20578
4679;83.2555257518;20576
4680;71.1834745177;20576
4681;62.2887922484;20576
4682;67.7907296810;20577
4683;55.9373546581;20577
4684;47.9232320130;20577
4685;53.2469413814;20577
4686;65.4556764423;20576
4687;54.2292248502;20576
4688;61.6150628476;20577
4689;65.1222655776;20580
4690;58.2142428670;20580
4691;50.5186580857;20580
4692;55.9259914401;20581
4693;60.3935460768;20582
4694;51.6489197592;20582
4695;59.4367548043;20582
4696;50.1009870844;20582
4697;54.7513419076;20584
4698;96.8159078026;20054
4699;123.6384111982;20053
4700;108.0856218447;20053
4701;97.9401060111;20053
4702;117.9311907189;20055
4703;98.3394522148;20055
4704;84.3022521037;20055
4705;72.9956950863;20055
4706;78.9499932426;20667
4707;99.7629875993;20666
4708;138.9433008604;20551
4709;109.8545665071;20551
4710;127.2606636862;20553
4711;158.2524567788;20544
4712;192.7206415465;20543
4713;164.8582195132;20543
4714;134.0490256732;20543
4715;126.7819509523;20543
4716;138.8614746260;20649
4717;118.6428241561;20649
4718;116.1348060779;21029
4719;127.9239103499;21030
4720;153.6213098122;21029
4721;182.9832480599;21023
4722;237.2916018260;21022
4723;196.9711946090;21022
4724;168.2605382787;21022
4725;139.3806200248;21022
4726;153.2333558041;21081
4727;130.5397454572;21081
4728;143.5943761870;21248
4729;175.3062339810;21247
4730;140.1968910605;21247
4731;153.5894225669;21254
4732;131.2864495081;21254
4733;118.0749538539;21254
4734;99.5340919328;21254
4735;85.1224513671;21254
4736;93.4900745059;21325
4737;73.1561956822;21325
4738;72.0177677592;21386
4739;74.2005724594;21386
4740;89.0756119586;21385
4741;100.4602716364;21376
4742;85.8935729556;21376
4743;67.3048525762;21376
4744;62.8024257785;21376
4745;69.0775870560;21377
4746;119.9269480699;20629
4747;107.1403180261;20629
4748;128.0761970205;20642
4749;108.9613926971;20642
4750;107.8980519551;20660
4751;118.5075251942;20670
4752;90.1820769462;20670
4753;77.3840938239;20670
4754;66.1480433537;20670
4755;74.8959152687;20669
4756;106.1774331414;20485
4757;100.1979106274;20485
4758;112.3748611353;20494
4759;96.0792078016;20494
4760;101.6959702633;20495
4761;122.5942474108;20482
4762;104.9268519214;20482
4763;91.0833711004;20482
4764;78.2495323545;20482
4765;83.7053920516;20483
4766;93.8342497690;20459
4767;80.1640571895;20459
4768;86.9443170336;20469
4769;74.3429549783;20469
4770;81.9131649949;20470
4771;103.7763170228;20466
4772;81.5457706058;20466
4773;69.2449985370;20466
4774;59.1999976624;20466
4775;75.6729473884;20464
4776;94.0349512800;20414
4777;83.6695571854;20414
4778;91.0883024625;20415
4779;77.0853824552;20415
4780;63.6154082527;20415
4781;67.5767603550;20428
4782;58.1176301792;20428
4783;69.8485415667;20427
4784;52.2782526932;20427
4785;51.5354107428;20429
4786;56.6959268411;20730
4787;63.7245851847;20731
4788;93.2066228861;20480
4789;79.6916554373;20480
4790;67.5326169465;20480
4791;73.8099930983;20485
4792;62.7327946882;20485
4793;53.6585398055;20485
4794;63.8037956040;20488
4795;76.6317671424;20487
4796;101.5198560060;20317
4797;119.7955012444;20316
4798;165.1406919781;20115
4799;141.1921882183;20115
4800;129.0387191759;20115
4801;142.4031664130;20119
4802;108.8965547212;20119
4803;103.1982486598;20119
4804;137.2331916855;20118
4805;118.5305943205;20118
4806;130.2937734252;20523
4807;111.5143270917;20523
4808;114.4892877204;20739
4809;98.8130801370;20739
4810;81.7369024535;20739
4811;80.4404349129;20741
4812;93.8294616550;20743
4813;79.1714126275;20743
4814;87.5144475581;20743
4815;74.8108573779;20743
4816;80.5931984713;20959
4817;94.7427601646;20960
4818;149.7686018263;20590
4819;134.0062012384;20590
4820;117.9864822943;20590
4821;97.3094503926;20590
4822;108.2488823720;20591
4823;90.0988747719;20591
4824;97.5725929853;20591
4825;77.4998050697;20591
4826;77.5089243710;20671
4827;93.0111824526;20670
4828;117.1152213836;20643
4829;101.5836719157;20643
4830;83.2260937803;20643
4831;70.3603335678;20643
4832;58.3495983207;20643
4833;66.5032411754;20644
4834;76.6229786010;20644
4835;82.0134792093;20645
4836;138.8772280400;20152
4837;117.1597329418;20152
4838;131.5700271733;20220
4839;112.4923234997;20220
4840;104.8820420456;20220
4841;79.7930550632;20220
4842;67.9504096088;20220
4843;81.8309767184;20219
4844;94.1766579147;20219
4845;113.3269097152;20218
4846;133.0514576938;20148
4847;118.4308115259;20148
4848;120.8415115057;20207
4849;107.3602819740;20207
4850;94.1587197155;20207
4851;80.3253491783;20207
4852;66.4437629639;20207
4853;72.7727483649;20208
4854;84.3530667519;20208
4855;92.7749487714;20209
4856;131.0609298741;19979
4857;111.8947325422;19979
4858;124.2646235002;20440
4859;104.1466139058;20440
4860;83.2255783250;20440
4861;71.7728208026;20440
4862;64.5727589477;20440
4863;77.5995541805;20439
4864;95.4988715820;20439
4865;107.6892208879;20438
4866;130.1728632874;20429
4867;111.2932645934;20429
4868;121.7543355312;20452
4869;114.6936480693;20452
4870;97.4159065427;20452
4871;79.3162692597;20452
4872;71.1776787041;20452
4873;59.6111748623;20452
4874;68.6483924967;20452
4875;75.5501596800;20453
4876;92.2196022900;20430
4877;79.0235311193;20430
4878;88.7637293895;20451
4879;73.2444153018;20451
4880;61.3078879923;20451
4881;52.4183302422;20451
4882;40.2206599103;20451
4883;44.2366133946;20452
4884;51.9701255692;20451
4885;62.7309421559;20450
4886;75.4874262595;20436
4887;76.1351095619;20437
4888;122.6415930843;20020
4889;104.8725081777;20020
4890;89.6838599012;20020
4891;83.1695572513;20020
4892;70.8812708864;20020
4893;58.9978726124;20020
4894;60.7734124087;20021
4895;63.0539146480;20022
4896;71.2298079122;20019
4897;94.3319876022;20018
4898;132.3084505060;19796
4899;116.4910444585;19796
4900;90.1953861544;19796
4901;82.6188036179;19796
4902;76.8270462180;19796
4903;65.6871244165;19796
4904;79.0419630403;19795
4905;94.9243090953;19794
4906;116.8709961881;19790
4907;103.2385896716;19790
4908;113.5557129195;20318
4909;97.0884843431;20318
4910;92.7853774338;20318
4911;79.3314977058;20318
4912;67.8296751147;20318
4913;56.9071327279;20318
4914;62.8752804337;20319
4915;70.0260996333;20320
4916;87.3739162479;20319
4917;68.4479488238;20319
4918;82.2791752801;20374
4919;98.7433715788;20373
4920;111.2680726118;20370
4921;145.1000888196;20366
4922;172.8065354016;20365
4923;147.9694118860;20365
4924;124.9768711545;20365
4925;106.2111864010;20365
4926;117.4246731541;21145
4927;100.4507952586;21145
4928;110.9752201934;21169
4929;94.0763710467;21169
4930;103.0754132576;21170
4931;124.8532347687;21158
4932;114.1027178232;21158
4933;86.0013833512;21158
4934;93.2864922583;21157
4935;79.5842977705;21157
4936;88.5904575813;21339
4937;76.7931829054;21339
4938;84.5122221779;21348
4939;96.2566022991;21349
4940;122.6207442543;21333
4941;140.9056602525;21330
4942;114.4446203253;21330
4943;98.0869274395;21330
4944;79.6315356428;21330
4945;97.7122792795;21329
4946;148.7822258498;20972
4947;127.0687438734;20972
4948;139.6803726639;20986
4949;119.3626754840;20986
4950;127.7599769833;20987
4951;153.8835966950;20986
4952;127.2700964706;20986
4953;106.6445396690;20986
4954;91.2374863538;20986
4955;100.4287129020;20987
4956;147.5725073619;20661
4957;126.2662073629;20661
4958;146.3832468013;20664
4959;124.1153772640;20664
4960;136.4816896058;20665
4961;116.4391565577;20665
4962;128.0394581342;20666
4963;109.4734768870;20666
4964;93.3952699594;20666
4965;116.7423786707;20665
4966;151.4946676926;20512
4967;130.1351360804;20512
4968;142.8799981279;20513
4969;122.1641756122;20513
4970;141.8443525174;20514
4971;128.2132786380;20514
4972;114.3119939425;20514
4973;90.3764783021;20514
4974;99.7115180409;20515
4975;109.8198430601;20516
4976;143.6599359399;20430
4977;131.0019068770;20430
4978;147.3427161931;20433
4979;124.8221134911;20433
4980;130.7897319677;20434
4981;112.6945906047;20434
4982;93.6848354750;20434
4983;80.4407412646;20434
4984;102.6737793088;20433
4985;94.2820535864;20433
4986;105.1017204160;21292
4987;95.2979273994;21292
4988;104.1969672587;21295
4989;88.2900986072;21295
4990;92.2946969159;21303
4991;115.4372104459;21302
4992;140.3711894664;21301
4993;124.0812643051;21301
4994;98.4156867666;21301
4995;130.7165405363;21300
4996;188.7681038552;21002
4997;167.0531900777;21002
4998;177.5276721004;21004
4999;152.2211701870;21004
